[reg_aladin] 
[reg_aladin] Command line:
[reg_aladin] 	 reg_aladin -ref bucket/BITE_group2_nii/01/output/nifty-deeds/Case01-US.nii.gz -flo bucket/BITE_group2_nii/01/output/nifty-deeds/Case01-MRI_in_US.nii.gz -res bucket/BITE_group2_nii/01/output/nifty-deeds/Case01-MRI_to_US_result_rigid.nii.gz -rmask bucket/BITE_group2_nii/01/output/nifty-deeds/mask_US.nii.gz -fmask bucket/BITE_group2_nii/01/output/nifty-deeds/mask_US.nii.gz -aff bucket/BITE_group2_nii/01/output/nifty-deeds/affine_matrix.txt -rigOnly
[reg_aladin] 
[reg_aladin] OpenMP is used with 8 thread(s)
[reg_aladin_sym] Parameters
[reg_aladin_sym] Platform: cpu_platform
[reg_aladin_sym] Reference image name: bucket/BITE_group2_nii/01/output/nifty-deeds/Case01-US.nii.gz
[reg_aladin_sym] 	194x220x223 voxels
[reg_aladin_sym] 	0.499485x0.499091x0.499103 mm
[reg_aladin_sym] Floating image name: bucket/BITE_group2_nii/01/output/nifty-deeds/Case01-MRI_in_US.nii.gz
[reg_aladin_sym] 	194x220x223 voxels
[reg_aladin_sym] 	0.499485x0.499091x0.499103 mm
[reg_aladin_sym] Maximum iteration number: 5
[reg_aladin_sym] 	(10 during the first level)
[reg_aladin_sym] Percentage of blocks: 50 %
[reg_aladin_sym] * * * * * * * * * * * * * * * * * * * * * * * * * * * * * *
[reg_aladin_sym] Current level 1 / 3
[reg_aladin_sym] reference image size: 	49x55x56 voxels	1.99794x1.99636x1.99641 mm
[reg_aladin_sym] floating image size: 	49x55x56 voxels	1.99794x1.99636x1.99641 mm
[reg_aladin_sym] Block size = [4 4 4]
[reg_aladin_sym] * * * * * * * * * * * * * * * * * * * * * * * * * * * * * *
[reg_aladin_sym] Forward Block number = [13 14 14]
[reg_aladin_sym] Backward Block number = [13 14 14]
[reg_aladin_sym] Initial forward transformation matrix::
1	0	0	0
0	1	0	0
0	0	1	0
0	0	0	1
[reg_aladin_sym] Initial backward transformation matrix::
1	0	0	0
0	1	0	0
0	0	1	0
0	0	0	1
[reg_aladin_sym] * * * * * * * * * * * * * * * * * * * * * * * * * * * * * *
[reg_aladin_sym] Final forward transformation matrix::
0.9989666	-0.04364975	-0.0126583	1.843921
0.04330678	0.998718	-0.02620783	3.432894
0.01378603	0.02563257	0.9995764	1.54679
0	0	0	1
[reg_aladin_sym] Final backward transformation matrix::
0.9989668	0.04330679	0.01378604	-2.012007
-0.04364974	0.998718	0.02563256	-3.387655
-0.0126583	-0.02620785	0.9995764	-1.432825
0	0	0	1
[reg_aladin_sym] - - - - - - - - - - - - - - - - - - - - - - - - - - - - - -
[reg_aladin_sym] Current level 2 / 3
[reg_aladin_sym] reference image size: 	97x110x112 voxels	0.998969x0.998182x0.998206 mm
[reg_aladin_sym] floating image size: 	97x110x112 voxels	0.998969x0.998182x0.998206 mm
[reg_aladin_sym] Block size = [4 4 4]
[reg_aladin_sym] * * * * * * * * * * * * * * * * * * * * * * * * * * * * * *
[reg_aladin_sym] Forward Block number = [25 28 28]
[reg_aladin_sym] Backward Block number = [25 28 28]
[reg_aladin_sym] Initial forward transformation matrix::
0.9989666	-0.04364975	-0.0126583	1.843921
0.04330678	0.998718	-0.02620783	3.432894
0.01378603	0.02563257	0.9995764	1.54679
0	0	0	1
[reg_aladin_sym] Initial backward transformation matrix::
0.9989668	0.04330679	0.01378604	-2.012007
-0.04364974	0.998718	0.02563256	-3.387655
-0.0126583	-0.02620785	0.9995764	-1.432825
0	0	0	1
[reg_aladin_sym] * * * * * * * * * * * * * * * * * * * * * * * * * * * * * *
[reg_aladin_sym] Final forward transformation matrix::
0.9989019	-0.03831956	-0.02695355	0.8111305
0.03806158	0.9992251	-0.01002016	1.783314
0.02731662	0.008983279	0.9995864	0.6830456
0	0	0	1
[reg_aladin_sym] Final backward transformation matrix::
0.998902	0.03806159	0.02731663	-0.8967741
-0.03831956	0.9992251	0.008983259	-1.756986
-0.02695353	-0.01002018	0.9995865	-0.6430312
0	0	0	1
[reg_aladin_sym] - - - - - - - - - - - - - - - - - - - - - - - - - - - - - -
[reg_aladin_sym] Current level 3 / 3
[reg_aladin_sym] reference image size: 	194x220x223 voxels	0.499485x0.499091x0.499103 mm
[reg_aladin_sym] floating image size: 	194x220x223 voxels	0.499485x0.499091x0.499103 mm
[reg_aladin_sym] Block size = [4 4 4]
[reg_aladin_sym] * * * * * * * * * * * * * * * * * * * * * * * * * * * * * *
[reg_aladin_sym] Forward Block number = [49 55 56]
[reg_aladin_sym] Backward Block number = [49 55 56]
[reg_aladin_sym] Initial forward transformation matrix::
0.9989019	-0.03831956	-0.02695355	0.8111305
0.03806158	0.9992251	-0.01002016	1.783314
0.02731662	0.008983279	0.9995864	0.6830456
0	0	0	1
[reg_aladin_sym] Initial backward transformation matrix::
0.998902	0.03806159	0.02731663	-0.8967741
-0.03831956	0.9992251	0.008983259	-1.756986
-0.02695353	-0.01002018	0.9995865	-0.6430312
0	0	0	1
[reg_aladin_sym] * * * * * * * * * * * * * * * * * * * * * * * * * * * * * *
[reg_aladin_sym] Final forward transformation matrix::
0.9992058	-0.03057599	-0.02555008	0.5721249
0.03021177	0.999438	-0.01452301	1.308094
0.02597981	0.01373953	0.999568	0.30004
0	0	0	1
[reg_aladin_sym] Final backward transformation matrix::
0.9992058	0.03021174	0.02597978	-0.6189853
-0.03057602	0.999438	0.01373956	-1.293988
-0.02555012	-0.01452298	0.999568	-0.2662951
0	0	0	1
[reg_aladin_sym] - - - - - - - - - - - - - - - - - - - - - - - - - - - - - -
[reg_aladin] Registration performed in 0 min 42 sec
[reg_aladin] Have a good day !
Transforming Case01-MRI-landmarks.nii.gz into Case01-MRI-landmarks_linear.nii.gz
Reading affine matrix file: affine_matrix.txt
+0.999 | -0.031 | -0.026 | +0.572 
+0.030 | +0.999 | -0.015 | +1.308 
+0.026 | +0.014 | +1.000 | +0.300 
+0.000 | +0.000 | +0.000 | +1.000 
Reading displacements from:
/vol/bitbucket/mt3215/BITE_group2_nii/01/output/nifty-deeds/zero_displacements.dat
=============================================================
grid step 4
Transforming Case01-MRI_in_US.nii.gz into Case01-MRI_in_US_linear.nii.gz
Reading affine matrix file: affine_matrix.txt
+0.999 | -0.031 | -0.026 | +0.572 
+0.030 | +0.999 | -0.015 | +1.308 
+0.026 | +0.014 | +1.000 | +0.300 
+0.000 | +0.000 | +0.000 | +1.000 
Reading displacements from:
/vol/bitbucket/mt3215/BITE_group2_nii/01/output/nifty-deeds/zero_displacements.dat
=============================================================
grid step 4
Starting registration of Case01-US.nii.gz and Case01-MRI_in_US.nii.gz
=============================================================
Reading affine matrix file: affine_matrix.txt
+0.999 | -0.031 | -0.026 | +0.572 
+0.030 | +0.999 | -0.015 | +1.308 
+0.026 | +0.014 | +1.000 | +0.300 
+0.000 | +0.000 | +0.000 | +1.000 
MIND STEPS, 3, 3, 2, 2, 1 
==========================================================
Level 0 grid=8 with sizes: 24x27x27 hw=8 quant=5
==========================================================
TMdDSTMdDS
Time: MIND=1.7902, data=5.8673, MST-reg=1.74938, transf.=1.44071
 speed=2.2571e+07 dof/s
std(J)=0.79 (J<0)=0e-7  SSD before registration: 31509.3 and after 31509.3

==========================================================
Level 1 grid=7 with sizes: 27x31x31 hw=7 quant=4
==========================================================
TMdDSTMdDS
Time: MIND=0.881722, data=3.35259, MST-reg=1.79578, transf.=1.43912
 speed=3.4019e+07 dof/s
std(J)=1.02 (J<0)=0e-7  SSD before registration: 31509.3 and after 31501.8

==========================================================
Level 2 grid=6 with sizes: 32x36x37 hw=6 quant=3
==========================================================
TMdDSTMdDS
Time: MIND=1.77424, data=2.30039, MST-reg=1.78445, transf.=1.44032
 speed=4.585e+07 dof/s
std(J)=1.14 (J<0)=0e-7  SSD before registration: 31509.3 and after 31498.4

==========================================================
Level 3 grid=5 with sizes: 38x44x44 hw=5 quant=2
==========================================================
TMdDSTMdDS
Time: MIND=0.897703, data=1.77867, MST-reg=1.65142, transf.=1.45398
 speed=5.7094e+07 dof/s
std(J)=1.2 (J<0)=0e-7  SSD before registration: 31509.3 and after 31496.3

==========================================================
Level 4 grid=4 with sizes: 48x55x55 hw=4 quant=1
==========================================================
TMdDSTMdDS
Time: MIND=1.77904, data=2.41192, MST-reg=1.69273, transf.=1.44395
 speed=5.15762e+07 dof/s
std(J)=1.14 (J<0)=0e-7  SSD before registration: 31509.3 and after 31496.5

SSD before registration: 31558.1 and after 26316.1
outputseg /vol/bitbucket/mt3215/BITE_group2_nii/01/output/nifty-deeds/Case01-deeds_deformed_seg.nii.gz
Finished. Total time: 39.034 sec. (0 sec. for MIND+data+reg+trans)
('landmark error (vox)', 14.430482117236087)
[reg_aladin] 
[reg_aladin] Command line:
[reg_aladin] 	 reg_aladin -ref bucket/BITE_group2_nii/02/output/nifty-deeds/Case02-US.nii.gz -flo bucket/BITE_group2_nii/02/output/nifty-deeds/Case02-MRI_in_US.nii.gz -res bucket/BITE_group2_nii/02/output/nifty-deeds/Case02-MRI_to_US_result_rigid.nii.gz -rmask bucket/BITE_group2_nii/02/output/nifty-deeds/mask_US.nii.gz -fmask bucket/BITE_group2_nii/02/output/nifty-deeds/mask_US.nii.gz -aff bucket/BITE_group2_nii/02/output/nifty-deeds/affine_matrix.txt -rigOnly
[reg_aladin] 
[reg_aladin] OpenMP is used with 8 thread(s)
[reg_aladin_sym] Parameters
[reg_aladin_sym] Platform: cpu_platform
[reg_aladin_sym] Reference image name: bucket/BITE_group2_nii/02/output/nifty-deeds/Case02-US.nii.gz
[reg_aladin_sym] 	198x212x175 voxels
[reg_aladin_sym] 	0.498485x0.499528x0.498857 mm
[reg_aladin_sym] Floating image name: bucket/BITE_group2_nii/02/output/nifty-deeds/Case02-MRI_in_US.nii.gz
[reg_aladin_sym] 	198x212x175 voxels
[reg_aladin_sym] 	0.498485x0.499528x0.498857 mm
[reg_aladin_sym] Maximum iteration number: 5
[reg_aladin_sym] 	(10 during the first level)
[reg_aladin_sym] Percentage of blocks: 50 %
[reg_aladin_sym] * * * * * * * * * * * * * * * * * * * * * * * * * * * * * *
[reg_aladin_sym] Current level 1 / 3
[reg_aladin_sym] reference image size: 	50x53x44 voxels	1.99394x1.99811x1.99543 mm
[reg_aladin_sym] floating image size: 	50x53x44 voxels	1.99394x1.99811x1.99543 mm
[reg_aladin_sym] Block size = [4 4 4]
[reg_aladin_sym] * * * * * * * * * * * * * * * * * * * * * * * * * * * * * *
[reg_aladin_sym] Forward Block number = [13 14 11]
[reg_aladin_sym] Backward Block number = [13 14 11]
[reg_aladin_sym] Initial forward transformation matrix::
1	0	0	0
0	1	0	0
0	0	1	0
0	0	0	1
[reg_aladin_sym] Initial backward transformation matrix::
1	0	0	0
0	1	0	0
0	0	1	0
0	0	0	1
[reg_aladin_sym] * * * * * * * * * * * * * * * * * * * * * * * * * * * * * *
[reg_aladin_sym] Final forward transformation matrix::
0.9985778	0.0002191068	-0.05331315	4.459438
0.002357666	0.9988317	0.04826504	3.135028
0.05326143	-0.04832208	0.9974107	-3.36542
0	0	0	1
[reg_aladin_sym] Final backward transformation matrix::
0.9985778	0.002357663	0.05326144	-4.28124
0.0002191043	0.9988318	-0.0483221	-3.294967
-0.05331314	0.04826503	0.9974108	3.443141
0	0	0	1
[reg_aladin_sym] - - - - - - - - - - - - - - - - - - - - - - - - - - - - - -
[reg_aladin_sym] Current level 2 / 3
[reg_aladin_sym] reference image size: 	99x106x88 voxels	0.99697x0.999057x0.997714 mm
[reg_aladin_sym] floating image size: 	99x106x88 voxels	0.99697x0.999057x0.997714 mm
[reg_aladin_sym] Block size = [4 4 4]
[reg_aladin_sym] * * * * * * * * * * * * * * * * * * * * * * * * * * * * * *
[reg_aladin_sym] Forward Block number = [25 27 22]
[reg_aladin_sym] Backward Block number = [25 27 22]
[reg_aladin_sym] Initial forward transformation matrix::
0.9985778	0.0002191068	-0.05331315	4.459438
0.002357666	0.9988317	0.04826504	3.135028
0.05326143	-0.04832208	0.9974107	-3.36542
0	0	0	1
[reg_aladin_sym] Initial backward transformation matrix::
0.9985778	0.002357663	0.05326144	-4.28124
0.0002191043	0.9988318	-0.0483221	-3.294967
-0.05331314	0.04826503	0.9974108	3.443141
0	0	0	1
[reg_aladin_sym] * * * * * * * * * * * * * * * * * * * * * * * * * * * * * *
[reg_aladin_sym] Final forward transformation matrix::
0.99992	-0.003011811	-0.01228764	2.409578
0.003586675	0.9988868	0.04703407	2.949181
0.01213233	-0.04707437	0.9988177	-3.704731
0	0	0	1
[reg_aladin_sym] Final backward transformation matrix::
0.99992	0.003586683	0.0121323	-2.375015
-0.003011801	0.9988869	-0.04707437	-3.113039
-0.01228767	0.04703407	0.9988177	3.591248
0	0	0	1
[reg_aladin_sym] - - - - - - - - - - - - - - - - - - - - - - - - - - - - - -
[reg_aladin_sym] Current level 3 / 3
[reg_aladin_sym] reference image size: 	198x212x175 voxels	0.498485x0.499528x0.498857 mm
[reg_aladin_sym] floating image size: 	198x212x175 voxels	0.498485x0.499528x0.498857 mm
[reg_aladin_sym] Block size = [4 4 4]
[reg_aladin_sym] * * * * * * * * * * * * * * * * * * * * * * * * * * * * * *
[reg_aladin_sym] Forward Block number = [50 53 44]
[reg_aladin_sym] Backward Block number = [50 53 44]
[reg_aladin_sym] Initial forward transformation matrix::
0.99992	-0.003011811	-0.01228764	2.409578
0.003586675	0.9988868	0.04703407	2.949181
0.01213233	-0.04707437	0.9988177	-3.704731
0	0	0	1
[reg_aladin_sym] Initial backward transformation matrix::
0.99992	0.003586683	0.0121323	-2.375015
-0.003011801	0.9988869	-0.04707437	-3.113039
-0.01228767	0.04703407	0.9988177	3.591248
0	0	0	1
[reg_aladin_sym] * * * * * * * * * * * * * * * * * * * * * * * * * * * * * *
[reg_aladin_sym] Final forward transformation matrix::
0.9999375	-0.003677493	-0.01055587	2.148133
0.004201048	0.9987397	0.05001345	2.571898
0.01035865	-0.05005468	0.9986928	-3.437482
0	0	0	1
[reg_aladin_sym] Final backward transformation matrix::
0.9999375	0.004201056	0.01035864	-2.123196
-0.003677484	0.9987398	-0.05005467	-2.73282
-0.01055588	0.05001346	0.9986928	3.327035
0	0	0	1
[reg_aladin_sym] - - - - - - - - - - - - - - - - - - - - - - - - - - - - - -
[reg_aladin] Registration performed in 0 min 34 sec
[reg_aladin] Have a good day !
Transforming Case02-MRI-landmarks.nii.gz into Case02-MRI-landmarks_linear.nii.gz
Reading affine matrix file: affine_matrix.txt
+1.000 | -0.004 | -0.011 | +2.148 
+0.004 | +0.999 | +0.050 | +2.572 
+0.010 | -0.050 | +0.999 | -3.437 
+0.000 | +0.000 | +0.000 | +1.000 
Reading displacements from:
/vol/bitbucket/mt3215/BITE_group2_nii/02/output/nifty-deeds/zero_displacements.dat
=============================================================
grid step 4
Transforming Case02-MRI_in_US.nii.gz into Case02-MRI_in_US_linear.nii.gz
Reading affine matrix file: affine_matrix.txt
+1.000 | -0.004 | -0.011 | +2.148 
+0.004 | +0.999 | +0.050 | +2.572 
+0.010 | -0.050 | +0.999 | -3.437 
+0.000 | +0.000 | +0.000 | +1.000 
Reading displacements from:
/vol/bitbucket/mt3215/BITE_group2_nii/02/output/nifty-deeds/zero_displacements.dat
=============================================================
grid step 4
Starting registration of Case02-US.nii.gz and Case02-MRI_in_US.nii.gz
=============================================================
Reading affine matrix file: affine_matrix.txt
+1.000 | -0.004 | -0.011 | +2.148 
+0.004 | +0.999 | +0.050 | +2.572 
+0.010 | -0.050 | +0.999 | -3.437 
+0.000 | +0.000 | +0.000 | +1.000 
MIND STEPS, 3, 3, 2, 2, 1 
==========================================================
Level 0 grid=8 with sizes: 24x26x21 hw=8 quant=5
==========================================================
TMdDSTMdDS
Time: MIND=1.25294, data=4.31286, MST-reg=1.29307, transf.=1.03269
 speed=2.29685e+07 dof/s
std(J)=0.69 (J<0)=0e-7  SSD before registration: 43955.8 and after 43955.8

==========================================================
Level 1 grid=7 with sizes: 28x30x25 hw=7 quant=4
==========================================================
TMdDSTMdDS
Time: MIND=0.620246, data=3.07504, MST-reg=1.46571, transf.=1.04001
 speed=3.12173e+07 dof/s
std(J)=0.92 (J<0)=0e-7  SSD before registration: 43955.8 and after 43945.8

==========================================================
Level 2 grid=6 with sizes: 33x35x29 hw=6 quant=3
==========================================================
TMdDSTMdDS
Time: MIND=1.30227, data=1.92182, MST-reg=3.87574, transf.=1.07636
 speed=2.5386e+07 dof/s
std(J)=1.12 (J<0)=0e-7  SSD before registration: 43955.8 and after 43941.8

==========================================================
Level 3 grid=5 with sizes: 39x42x35 hw=5 quant=2
==========================================================
TMdDSTMdDS
Time: MIND=0.614162, data=1.39065, MST-reg=1.29597, transf.=1.04043
 speed=5.68045e+07 dof/s
std(J)=1.18 (J<0)=0e-7  SSD before registration: 43955.8 and after 43940.5

==========================================================
Level 4 grid=4 with sizes: 49x53x43 hw=4 quant=1
==========================================================
TMdDSTMdDS
Time: MIND=1.22209, data=1.95332, MST-reg=1.27841, transf.=1.04993
 speed=5.03806e+07 dof/s
std(J)=1.12 (J<0)=0e-7  SSD before registration: 43955.8 and after 43940.4

SSD before registration: 44100.2 and after 40486.3
outputseg /vol/bitbucket/mt3215/BITE_group2_nii/02/output/nifty-deeds/Case02-deeds_deformed_seg.nii.gz
Finished. Total time: 32.3562 sec. (0 sec. for MIND+data+reg+trans)
('landmark error (vox)', 3.968623664651895)
[reg_aladin] 
[reg_aladin] Command line:
[reg_aladin] 	 reg_aladin -ref bucket/BITE_group2_nii/03/output/nifty-deeds/Case03-US.nii.gz -flo bucket/BITE_group2_nii/03/output/nifty-deeds/Case03-MRI_in_US.nii.gz -res bucket/BITE_group2_nii/03/output/nifty-deeds/Case03-MRI_to_US_result_rigid.nii.gz -rmask bucket/BITE_group2_nii/03/output/nifty-deeds/mask_US.nii.gz -fmask bucket/BITE_group2_nii/03/output/nifty-deeds/mask_US.nii.gz -aff bucket/BITE_group2_nii/03/output/nifty-deeds/affine_matrix.txt -rigOnly
[reg_aladin] 
[reg_aladin] OpenMP is used with 8 thread(s)
[reg_aladin_sym] Parameters
[reg_aladin_sym] Platform: cpu_platform
[reg_aladin_sym] Reference image name: bucket/BITE_group2_nii/03/output/nifty-deeds/Case03-US.nii.gz
[reg_aladin_sym] 	196x303x277 voxels
[reg_aladin_sym] 	0.49898x0.49901x0.499278 mm
[reg_aladin_sym] Floating image name: bucket/BITE_group2_nii/03/output/nifty-deeds/Case03-MRI_in_US.nii.gz
[reg_aladin_sym] 	196x303x277 voxels
[reg_aladin_sym] 	0.49898x0.49901x0.499278 mm
[reg_aladin_sym] Maximum iteration number: 5
[reg_aladin_sym] 	(10 during the first level)
[reg_aladin_sym] Percentage of blocks: 50 %
[reg_aladin_sym] * * * * * * * * * * * * * * * * * * * * * * * * * * * * * *
[reg_aladin_sym] Current level 1 / 3
[reg_aladin_sym] reference image size: 	49x76x70 voxels	1.99592x1.99604x1.99711 mm
[reg_aladin_sym] floating image size: 	49x76x70 voxels	1.99592x1.99604x1.99711 mm
[reg_aladin_sym] Block size = [4 4 4]
[reg_aladin_sym] * * * * * * * * * * * * * * * * * * * * * * * * * * * * * *
[reg_aladin_sym] Forward Block number = [13 19 18]
[reg_aladin_sym] Backward Block number = [13 19 18]
[reg_aladin_sym] Initial forward transformation matrix::
1	0	0	0
0	1	0	0
0	0	1	0
0	0	0	1
[reg_aladin_sym] Initial backward transformation matrix::
1	0	0	0
0	1	0	0
0	0	1	0
0	0	0	1
[reg_aladin_sym] * * * * * * * * * * * * * * * * * * * * * * * * * * * * * *
[reg_aladin_sym] Final forward transformation matrix::
0.9992695	-0.01403952	0.03554342	2.662382
0.01187065	0.9980968	0.0605123	6.129331
-0.03632535	-0.06004617	0.9975344	-3.969903
0	0	0	1
[reg_aladin_sym] Final backward transformation matrix::
0.9992695	0.01187066	-0.03632534	-2.877404
-0.01403952	0.9980969	-0.06004618	-6.318666
0.03554342	0.0605123	0.9975345	3.494585
0	0	0	1
[reg_aladin_sym] - - - - - - - - - - - - - - - - - - - - - - - - - - - - - -
[reg_aladin_sym] Current level 2 / 3
[reg_aladin_sym] reference image size: 	98x152x139 voxels	0.997959x0.99802x0.998556 mm
[reg_aladin_sym] floating image size: 	98x152x139 voxels	0.997959x0.99802x0.998556 mm
[reg_aladin_sym] Block size = [4 4 4]
[reg_aladin_sym] * * * * * * * * * * * * * * * * * * * * * * * * * * * * * *
[reg_aladin_sym] Forward Block number = [25 38 35]
[reg_aladin_sym] Backward Block number = [25 38 35]
[reg_aladin_sym] Initial forward transformation matrix::
0.9992695	-0.01403952	0.03554342	2.662382
0.01187065	0.9980968	0.0605123	6.129331
-0.03632535	-0.06004617	0.9975344	-3.969903
0	0	0	1
[reg_aladin_sym] Initial backward transformation matrix::
0.9992695	0.01187066	-0.03632534	-2.877404
-0.01403952	0.9980969	-0.06004618	-6.318666
0.03554342	0.0605123	0.9975345	3.494585
0	0	0	1
[reg_aladin_sym] * * * * * * * * * * * * * * * * * * * * * * * * * * * * * *
[reg_aladin_sym] Final forward transformation matrix::
0.9991449	-0.01932981	0.03655051	3.434859
0.01783618	0.9990098	0.04075844	6.608236
-0.03730217	-0.04007166	0.9985003	-3.895742
0	0	0	1
[reg_aladin_sym] Final backward transformation matrix::
0.9991448	0.01783618	-0.03730217	-3.695106
-0.01932981	0.9990098	-0.04007167	-6.691406
0.03655051	0.04075844	0.9985003	3.495012
0	0	0	1
[reg_aladin_sym] - - - - - - - - - - - - - - - - - - - - - - - - - - - - - -
[reg_aladin_sym] Current level 3 / 3
[reg_aladin_sym] reference image size: 	196x303x277 voxels	0.49898x0.49901x0.499278 mm
[reg_aladin_sym] floating image size: 	196x303x277 voxels	0.49898x0.49901x0.499278 mm
[reg_aladin_sym] Block size = [4 4 4]
[reg_aladin_sym] * * * * * * * * * * * * * * * * * * * * * * * * * * * * * *
[reg_aladin_sym] Forward Block number = [49 76 70]
[reg_aladin_sym] Backward Block number = [49 76 70]
[reg_aladin_sym] Initial forward transformation matrix::
0.9991449	-0.01932981	0.03655051	3.434859
0.01783618	0.9990098	0.04075844	6.608236
-0.03730217	-0.04007166	0.9985003	-3.895742
0	0	0	1
[reg_aladin_sym] Initial backward transformation matrix::
0.9991448	0.01783618	-0.03730217	-3.695106
-0.01932981	0.9990098	-0.04007167	-6.691406
0.03655051	0.04075844	0.9985003	3.495012
0	0	0	1
[reg_aladin_sym] * * * * * * * * * * * * * * * * * * * * * * * * * * * * * *
[reg_aladin_sym] Final forward transformation matrix::
0.9994946	-0.01410581	0.02848841	3.396744
0.01327162	0.9994837	0.02926047	6.219869
-0.02888645	-0.0288676	0.9991658	-3.096788
0	0	0	1
[reg_aladin_sym] Final backward transformation matrix::
0.9994946	0.01327164	-0.02888644	-3.56703
-0.01410578	0.9994837	-0.02886759	-6.258141
0.02848841	0.02926048	0.9991658	2.815441
0	0	0	1
[reg_aladin_sym] - - - - - - - - - - - - - - - - - - - - - - - - - - - - - -
[reg_aladin] Registration performed in 1 min 9 sec
[reg_aladin] Have a good day !
Transforming Case03-MRI-landmarks.nii.gz into Case03-MRI-landmarks_linear.nii.gz
Reading affine matrix file: affine_matrix.txt
+0.999 | -0.014 | +0.028 | +3.397 
+0.013 | +0.999 | +0.029 | +6.220 
-0.029 | -0.029 | +0.999 | -3.097 
+0.000 | +0.000 | +0.000 | +1.000 
Reading displacements from:
/vol/bitbucket/mt3215/BITE_group2_nii/03/output/nifty-deeds/zero_displacements.dat
=============================================================
grid step 4
Transforming Case03-MRI_in_US.nii.gz into Case03-MRI_in_US_linear.nii.gz
Reading affine matrix file: affine_matrix.txt
+0.999 | -0.014 | +0.028 | +3.397 
+0.013 | +0.999 | +0.029 | +6.220 
-0.029 | -0.029 | +0.999 | -3.097 
+0.000 | +0.000 | +0.000 | +1.000 
Reading displacements from:
/vol/bitbucket/mt3215/BITE_group2_nii/03/output/nifty-deeds/zero_displacements.dat
=============================================================
grid step 4
Starting registration of Case03-US.nii.gz and Case03-MRI_in_US.nii.gz
=============================================================
Reading affine matrix file: affine_matrix.txt
+0.999 | -0.014 | +0.028 | +3.397 
+0.013 | +0.999 | +0.029 | +6.220 
-0.029 | -0.029 | +0.999 | -3.097 
+0.000 | +0.000 | +0.000 | +1.000 
MIND STEPS, 3, 3, 2, 2, 1 
==========================================================
Level 0 grid=8 with sizes: 24x37x34 hw=8 quant=5
==========================================================
TMdDSTMdDS
Time: MIND=3.058, data=10.5569, MST-reg=3.02709, transf.=2.56667
 speed=2.18395e+07 dof/s
std(J)=1.01 (J<0)=16.56e-7  SSD before registration: 31199.6 and after 31199.6

==========================================================
Level 1 grid=7 with sizes: 28x43x39 hw=7 quant=4
==========================================================
TMdDSTMdDS
Time: MIND=1.55071, data=6.38295, MST-reg=3.30568, transf.=2.58104
 speed=3.27139e+07 dof/s
std(J)=1.25 (J<0)=0e-7  SSD before registration: 31199.6 and after 31195.9

==========================================================
Level 2 grid=6 with sizes: 32x50x46 hw=6 quant=3
==========================================================
TMdDSTMdDS
Time: MIND=3.01591, data=4.02405, MST-reg=3.09464, transf.=2.56794
 speed=4.54295e+07 dof/s
std(J)=1.43 (J<0)=0e-7  SSD before registration: 31199.6 and after 31192.7

==========================================================
Level 3 grid=5 with sizes: 39x60x55 hw=5 quant=2
==========================================================
TMdDSTMdDS
Time: MIND=1.50499, data=3.11209, MST-reg=2.98547, transf.=2.5804
 speed=5.61863e+07 dof/s
std(J)=1.52 (J<0)=0e-7  SSD before registration: 31199.6 and after 31191.5

==========================================================
Level 4 grid=4 with sizes: 49x75x69 hw=4 quant=1
==========================================================
TMdDSTMdDS
Time: MIND=3.03065, data=4.36083, MST-reg=2.96563, transf.=2.6032
 speed=5.04627e+07 dof/s
std(J)=1.42 (J<0)=0e-7  SSD before registration: 31199.6 and after 31191.1

SSD before registration: 32536.5 and after 23352.1
outputseg /vol/bitbucket/mt3215/BITE_group2_nii/03/output/nifty-deeds/Case03-deeds_deformed_seg.nii.gz
Finished. Total time: 69.4116 sec. (0 sec. for MIND+data+reg+trans)
('landmark error (vox)', nan)
[reg_aladin] 
[reg_aladin] Command line:
[reg_aladin] 	 reg_aladin -ref bucket/BITE_group2_nii/04/output/nifty-deeds/Case04-US.nii.gz -flo bucket/BITE_group2_nii/04/output/nifty-deeds/Case04-MRI_in_US.nii.gz -res bucket/BITE_group2_nii/04/output/nifty-deeds/Case04-MRI_to_US_result_rigid.nii.gz -rmask bucket/BITE_group2_nii/04/output/nifty-deeds/mask_US.nii.gz -fmask bucket/BITE_group2_nii/04/output/nifty-deeds/mask_US.nii.gz -aff bucket/BITE_group2_nii/04/output/nifty-deeds/affine_matrix.txt -rigOnly
[reg_aladin] 
[reg_aladin] OpenMP is used with 8 thread(s)
[reg_aladin_sym] Parameters
[reg_aladin_sym] Platform: cpu_platform
[reg_aladin_sym] Reference image name: bucket/BITE_group2_nii/04/output/nifty-deeds/Case04-US.nii.gz
[reg_aladin_sym] 	200x107x180 voxels
[reg_aladin_sym] 	0.498x0.496262x0.498333 mm
[reg_aladin_sym] Floating image name: bucket/BITE_group2_nii/04/output/nifty-deeds/Case04-MRI_in_US.nii.gz
[reg_aladin_sym] 	200x107x180 voxels
[reg_aladin_sym] 	0.498x0.496262x0.498333 mm
[reg_aladin_sym] Maximum iteration number: 5
[reg_aladin_sym] 	(10 during the first level)
[reg_aladin_sym] Percentage of blocks: 50 %
[reg_aladin_sym] * * * * * * * * * * * * * * * * * * * * * * * * * * * * * *
[reg_aladin_sym] Current level 1 / 3
[reg_aladin_sym] reference image size: 	50x54x45 voxels	1.992x0.992523x1.99333 mm
[reg_aladin_sym] floating image size: 	50x54x45 voxels	1.992x0.992523x1.99333 mm
[reg_aladin_sym] Block size = [4 4 4]
[reg_aladin_sym] * * * * * * * * * * * * * * * * * * * * * * * * * * * * * *
[reg_aladin_sym] Forward Block number = [13 14 12]
[reg_aladin_sym] Backward Block number = [13 14 12]
[reg_aladin_sym] Initial forward transformation matrix::
1	0	0	0
0	1	0	0
0	0	1	0
0	0	0	1
[reg_aladin_sym] Initial backward transformation matrix::
1	0	0	0
0	1	0	0
0	0	1	0
0	0	0	1
[reg_aladin_sym] * * * * * * * * * * * * * * * * * * * * * * * * * * * * * *
[reg_aladin_sym] Final forward transformation matrix::
0.9994124	0.02135145	-0.02681214	2.741202
-0.02150565	0.9997538	-0.005476033	0.1880121
0.02668865	0.006049437	0.9996254	4.909045
0	0	0	1
[reg_aladin_sym] Final backward transformation matrix::
0.9994125	-0.02150566	0.02668861	-2.866564
0.02135144	0.9997537	0.006049428	-0.2761914
-0.02681218	-0.005476041	0.9996255	-4.832679
0	0	0	1
[reg_aladin_sym] - - - - - - - - - - - - - - - - - - - - - - - - - - - - - -
[reg_aladin_sym] Current level 2 / 3
[reg_aladin_sym] reference image size: 	100x54x90 voxels	0.996x0.992523x0.996667 mm
[reg_aladin_sym] floating image size: 	100x54x90 voxels	0.996x0.992523x0.996667 mm
[reg_aladin_sym] Block size = [4 4 4]
[reg_aladin_sym] * * * * * * * * * * * * * * * * * * * * * * * * * * * * * *
[reg_aladin_sym] Forward Block number = [25 14 23]
[reg_aladin_sym] Backward Block number = [25 14 23]
[reg_aladin_sym] Initial forward transformation matrix::
0.9994124	0.02135145	-0.02681214	2.741202
-0.02150565	0.9997538	-0.005476033	0.1880121
0.02668865	0.006049437	0.9996254	4.909045
0	0	0	1
[reg_aladin_sym] Initial backward transformation matrix::
0.9994125	-0.02150566	0.02668861	-2.866564
0.02135144	0.9997537	0.006049428	-0.2761914
-0.02681218	-0.005476041	0.9996255	-4.832679
0	0	0	1
[reg_aladin_sym] * * * * * * * * * * * * * * * * * * * * * * * * * * * * * *
[reg_aladin_sym] Final forward transformation matrix::
0.9993114	0.01546837	-0.03372629	2.309897
-0.0153484	0.9998749	0.003813409	0.04396104
0.03378107	-0.003293144	0.9994238	3.304004
0	0	0	1
[reg_aladin_sym] Final backward transformation matrix::
0.9993114	-0.01534839	0.03378106	-2.419245
0.01546837	0.9998749	-0.003293139	-0.06880536
-0.0337263	0.003813414	0.9994238	-3.224364
0	0	0	1
[reg_aladin_sym] - - - - - - - - - - - - - - - - - - - - - - - - - - - - - -
[reg_aladin_sym] Current level 3 / 3
[reg_aladin_sym] reference image size: 	200x107x180 voxels	0.498x0.496262x0.498333 mm
[reg_aladin_sym] floating image size: 	200x107x180 voxels	0.498x0.496262x0.498333 mm
[reg_aladin_sym] Block size = [4 4 4]
[reg_aladin_sym] * * * * * * * * * * * * * * * * * * * * * * * * * * * * * *
[reg_aladin_sym] Forward Block number = [50 27 45]
[reg_aladin_sym] Backward Block number = [50 27 45]
[reg_aladin_sym] Initial forward transformation matrix::
0.9993114	0.01546837	-0.03372629	2.309897
-0.0153484	0.9998749	0.003813409	0.04396104
0.03378107	-0.003293144	0.9994238	3.304004
0	0	0	1
[reg_aladin_sym] Initial backward transformation matrix::
0.9993114	-0.01534839	0.03378106	-2.419245
0.01546837	0.9998749	-0.003293139	-0.06880536
-0.0337263	0.003813414	0.9994238	-3.224364
0	0	0	1
[reg_aladin_sym] * * * * * * * * * * * * * * * * * * * * * * * * * * * * * *
[reg_aladin_sym] Final forward transformation matrix::
0.999442	0.02152988	-0.02553867	1.891845
-0.0217161	0.9997394	-0.007036735	0.436604
0.02538051	0.007587407	0.999649	3.300036
0	0	0	1
[reg_aladin_sym] Final backward transformation matrix::
0.9994419	-0.0217161	0.02538051	-1.965064
0.02152988	0.9997394	0.007587409	-0.5022601
-0.02553866	-0.007036734	0.999649	-3.247491
0	0	0	1
[reg_aladin_sym] - - - - - - - - - - - - - - - - - - - - - - - - - - - - - -
[reg_aladin] Registration performed in 0 min 16 sec
[reg_aladin] Have a good day !
Transforming Case04-MRI-landmarks.nii.gz into Case04-MRI-landmarks_linear.nii.gz
Reading affine matrix file: affine_matrix.txt
+0.999 | +0.022 | -0.026 | +1.892 
-0.022 | +1.000 | -0.007 | +0.437 
+0.025 | +0.008 | +1.000 | +3.300 
+0.000 | +0.000 | +0.000 | +1.000 
Reading displacements from:
/vol/bitbucket/mt3215/BITE_group2_nii/04/output/nifty-deeds/zero_displacements.dat
=============================================================
grid step 4
Transforming Case04-MRI_in_US.nii.gz into Case04-MRI_in_US_linear.nii.gz
Reading affine matrix file: affine_matrix.txt
+0.999 | +0.022 | -0.026 | +1.892 
-0.022 | +1.000 | -0.007 | +0.437 
+0.025 | +0.008 | +1.000 | +3.300 
+0.000 | +0.000 | +0.000 | +1.000 
Reading displacements from:
/vol/bitbucket/mt3215/BITE_group2_nii/04/output/nifty-deeds/zero_displacements.dat
=============================================================
grid step 4
Starting registration of Case04-US.nii.gz and Case04-MRI_in_US.nii.gz
=============================================================
Reading affine matrix file: affine_matrix.txt
+0.999 | +0.022 | -0.026 | +1.892 
-0.022 | +1.000 | -0.007 | +0.437 
+0.025 | +0.008 | +1.000 | +3.300 
+0.000 | +0.000 | +0.000 | +1.000 
MIND STEPS, 3, 3, 2, 2, 1 
==========================================================
Level 0 grid=8 with sizes: 25x13x22 hw=8 quant=5
==========================================================
TMdDSTMdDS
Time: MIND=0.713815, data=2.36052, MST-reg=0.735278, transf.=0.499892
 speed=2.2694e+07 dof/s
std(J)=0.67 (J<0)=0e-7  SSD before registration: 47608 and after 47608

==========================================================
Level 1 grid=7 with sizes: 28x15x25 hw=7 quant=4
==========================================================
TMdDSTMdDS
Time: MIND=0.354105, data=1.9421, MST-reg=0.718987, transf.=0.499963
 speed=2.66338e+07 dof/s
std(J)=1.01 (J<0)=0e-7  SSD before registration: 47608 and after 47601.7

==========================================================
Level 2 grid=6 with sizes: 33x17x30 hw=6 quant=3
==========================================================
TMdDSTMdDS
Time: MIND=0.69801, data=0.878522, MST-reg=0.701554, transf.=0.500725
 speed=4.68022e+07 dof/s
std(J)=1.07 (J<0)=0e-7  SSD before registration: 47608 and after 47600.5

==========================================================
Level 3 grid=5 with sizes: 40x21x36 hw=5 quant=2
==========================================================
TMdDSTMdDS
Time: MIND=0.35392, data=0.756526, MST-reg=0.701858, transf.=0.503168
 speed=5.51973e+07 dof/s
std(J)=1.06 (J<0)=0e-7  SSD before registration: 47608 and after 47598.7

==========================================================
Level 4 grid=4 with sizes: 50x26x45 hw=4 quant=1
==========================================================
TMdDSTMdDS
Time: MIND=0.701817, data=1.05246, MST-reg=0.708855, transf.=0.509616
 speed=4.84258e+07 dof/s
std(J)=1.03 (J<0)=0e-7  SSD before registration: 47608 and after 47599.1

SSD before registration: 47519.1 and after 45200.9
outputseg /vol/bitbucket/mt3215/BITE_group2_nii/04/output/nifty-deeds/Case04-deeds_deformed_seg.nii.gz
Finished. Total time: 16.03 sec. (0 sec. for MIND+data+reg+trans)
('landmark error (vox)', 3.7452251988247873)
[reg_aladin] 
[reg_aladin] Command line:
[reg_aladin] 	 reg_aladin -ref bucket/BITE_group2_nii/05/output/nifty-deeds/Case05-US.nii.gz -flo bucket/BITE_group2_nii/05/output/nifty-deeds/Case05-MRI_in_US.nii.gz -res bucket/BITE_group2_nii/05/output/nifty-deeds/Case05-MRI_to_US_result_rigid.nii.gz -rmask bucket/BITE_group2_nii/05/output/nifty-deeds/mask_US.nii.gz -fmask bucket/BITE_group2_nii/05/output/nifty-deeds/mask_US.nii.gz -aff bucket/BITE_group2_nii/05/output/nifty-deeds/affine_matrix.txt -rigOnly
[reg_aladin] 
[reg_aladin] OpenMP is used with 8 thread(s)
[reg_aladin_sym] Parameters
[reg_aladin_sym] Platform: cpu_platform
[reg_aladin_sym] Reference image name: bucket/BITE_group2_nii/05/output/nifty-deeds/Case05-US.nii.gz
[reg_aladin_sym] 	201x230x195 voxels
[reg_aladin_sym] 	0.498507x0.498261x0.498462 mm
[reg_aladin_sym] Floating image name: bucket/BITE_group2_nii/05/output/nifty-deeds/Case05-MRI_in_US.nii.gz
[reg_aladin_sym] 	201x230x195 voxels
[reg_aladin_sym] 	0.498507x0.498261x0.498462 mm
[reg_aladin_sym] Maximum iteration number: 5
[reg_aladin_sym] 	(10 during the first level)
[reg_aladin_sym] Percentage of blocks: 50 %
[reg_aladin_sym] * * * * * * * * * * * * * * * * * * * * * * * * * * * * * *
[reg_aladin_sym] Current level 1 / 3
[reg_aladin_sym] reference image size: 	51x58x49 voxels	1.99403x1.99304x1.99385 mm
[reg_aladin_sym] floating image size: 	51x58x49 voxels	1.99403x1.99304x1.99385 mm
[reg_aladin_sym] Block size = [4 4 4]
[reg_aladin_sym] * * * * * * * * * * * * * * * * * * * * * * * * * * * * * *
[reg_aladin_sym] Forward Block number = [13 15 13]
[reg_aladin_sym] Backward Block number = [13 15 13]
[reg_aladin_sym] Initial forward transformation matrix::
1	0	0	0
0	1	0	0
0	0	1	0
0	0	0	1
[reg_aladin_sym] Initial backward transformation matrix::
1	0	0	0
0	1	0	0
0	0	1	0
0	0	0	1
[reg_aladin_sym] * * * * * * * * * * * * * * * * * * * * * * * * * * * * * *
[reg_aladin_sym] Final forward transformation matrix::
0.999993	-0.003350086	-0.001654994	-1.16084
0.003337819	0.9999674	-0.007358301	-1.111898
0.00167959	0.007352719	0.9999716	-1.114673
0	0	0	1
[reg_aladin_sym] Final backward transformation matrix::
0.999993	0.003337821	0.00167959	1.166415
-0.003350083	0.9999673	0.007352726	1.116169
-0.001654994	-0.007358294	0.9999716	1.104539
0	0	0	1
[reg_aladin_sym] - - - - - - - - - - - - - - - - - - - - - - - - - - - - - -
[reg_aladin_sym] Current level 2 / 3
[reg_aladin_sym] reference image size: 	101x115x98 voxels	0.997015x0.996522x0.996923 mm
[reg_aladin_sym] floating image size: 	101x115x98 voxels	0.997015x0.996522x0.996923 mm
[reg_aladin_sym] Block size = [4 4 4]
[reg_aladin_sym] * * * * * * * * * * * * * * * * * * * * * * * * * * * * * *
[reg_aladin_sym] Forward Block number = [26 29 25]
[reg_aladin_sym] Backward Block number = [26 29 25]
[reg_aladin_sym] Initial forward transformation matrix::
0.999993	-0.003350086	-0.001654994	-1.16084
0.003337819	0.9999674	-0.007358301	-1.111898
0.00167959	0.007352719	0.9999716	-1.114673
0	0	0	1
[reg_aladin_sym] Initial backward transformation matrix::
0.999993	0.003337821	0.00167959	1.166415
-0.003350083	0.9999673	0.007352726	1.116169
-0.001654994	-0.007358294	0.9999716	1.104539
0	0	0	1
[reg_aladin_sym] * * * * * * * * * * * * * * * * * * * * * * * * * * * * * *
[reg_aladin_sym] Final forward transformation matrix::
0.9997777	-0.009366421	-0.0188861	-0.9010307
0.008943781	0.9997104	-0.02234072	-0.5867493
0.01908988	0.02216681	0.999572	-0.9671324
0	0	0	1
[reg_aladin_sym] Final backward transformation matrix::
0.9997777	0.008943768	0.01908988	0.9245406
-0.009366433	0.9997104	0.02216684	0.5995781
-0.01888609	-0.02234069	0.999572	0.9365931
0	0	0	1
[reg_aladin_sym] - - - - - - - - - - - - - - - - - - - - - - - - - - - - - -
[reg_aladin_sym] Current level 3 / 3
[reg_aladin_sym] reference image size: 	201x230x195 voxels	0.498507x0.498261x0.498462 mm
[reg_aladin_sym] floating image size: 	201x230x195 voxels	0.498507x0.498261x0.498462 mm
[reg_aladin_sym] Block size = [4 4 4]
[reg_aladin_sym] * * * * * * * * * * * * * * * * * * * * * * * * * * * * * *
[reg_aladin_sym] Forward Block number = [51 58 49]
[reg_aladin_sym] Backward Block number = [51 58 49]
[reg_aladin_sym] Initial forward transformation matrix::
0.9997777	-0.009366421	-0.0188861	-0.9010307
0.008943781	0.9997104	-0.02234072	-0.5867493
0.01908988	0.02216681	0.999572	-0.9671324
0	0	0	1
[reg_aladin_sym] Initial backward transformation matrix::
0.9997777	0.008943768	0.01908988	0.9245406
-0.009366433	0.9997104	0.02216684	0.5995781
-0.01888609	-0.02234069	0.999572	0.9365931
0	0	0	1
[reg_aladin_sym] * * * * * * * * * * * * * * * * * * * * * * * * * * * * * *
[reg_aladin_sym] Final forward transformation matrix::
0.9996404	-0.01138188	-0.02427972	-0.1490855
0.01109678	0.9998683	-0.01184489	-1.047966
0.02441134	0.01157117	0.999635	-0.7190321
0	0	0	1
[reg_aladin_sym] Final backward transformation matrix::
0.9996404	0.01109678	0.02441134	0.1782135
-0.01138188	0.9998683	0.01157121	1.054451
-0.02427972	-0.01184486	0.999635	0.7027369
0	0	0	1
[reg_aladin_sym] - - - - - - - - - - - - - - - - - - - - - - - - - - - - - -
[reg_aladin] Registration performed in 0 min 31 sec
[reg_aladin] Have a good day !
Transforming Case05-MRI-landmarks.nii.gz into Case05-MRI-landmarks_linear.nii.gz
Reading affine matrix file: affine_matrix.txt
+1.000 | -0.011 | -0.024 | -0.149 
+0.011 | +1.000 | -0.012 | -1.048 
+0.024 | +0.012 | +1.000 | -0.719 
+0.000 | +0.000 | +0.000 | +1.000 
Reading displacements from:
/vol/bitbucket/mt3215/BITE_group2_nii/05/output/nifty-deeds/zero_displacements.dat
=============================================================
grid step 4
Transforming Case05-MRI_in_US.nii.gz into Case05-MRI_in_US_linear.nii.gz
Reading affine matrix file: affine_matrix.txt
+1.000 | -0.011 | -0.024 | -0.149 
+0.011 | +1.000 | -0.012 | -1.048 
+0.024 | +0.012 | +1.000 | -0.719 
+0.000 | +0.000 | +0.000 | +1.000 
Reading displacements from:
/vol/bitbucket/mt3215/BITE_group2_nii/05/output/nifty-deeds/zero_displacements.dat
=============================================================
grid step 4
Starting registration of Case05-US.nii.gz and Case05-MRI_in_US.nii.gz
=============================================================
Reading affine matrix file: affine_matrix.txt
+1.000 | -0.011 | -0.024 | -0.149 
+0.011 | +1.000 | -0.012 | -1.048 
+0.024 | +0.012 | +1.000 | -0.719 
+0.000 | +0.000 | +0.000 | +1.000 
MIND STEPS, 3, 3, 2, 2, 1 
==========================================================
