Starting linear reg. of Case1-US.nii.gz and Case1-MRI_in_US.nii.gz
=============================================================
Searching only for rigid (6 parameter) transform
TMdDSTMdDS
# points used: 4032/8064, quantile: 0.297214
t: MIND=0.44, data=0.41, affine=0.07, speed=3.73e+07 dof/s
TMdDSTMdDS
# points used: 6688/13376, quantile: 0.320000
t: MIND=0.44, data=0.19, affine=0.06, speed=5.97e+07 dof/s
TMdDSTMdDS
# points used: 12960/25920, quantile: 0.347826
t: MIND=0.20, data=0.12, affine=0.06, speed=7.28e+07 dof/s
TMdDSTMdDS
# points used: 27404/54808, quantile: 0.375582
t: MIND=0.40, data=0.12, affine=0.05, speed=5.59e+07 dof/s
+0.996 | -0.090 | -0.008 | +0.000 
+0.090 | +0.991 | +0.095 | +0.000 
-0.000 | -0.095 | +0.995 | +0.000 
-9.622 | +16.672 | -6.749 | +1.000 
Finished. Total time: 2.87614 sec. (2.56065 sec. for MIND+data+affine+trans)
Transforming Case1-MRI-landmarks.nii.gz into Case1-MRI-landmarks_linear.nii.gz
Reading affine matrix file: affine_matrix.txt
+0.996 | -0.090 | -0.008 | +0.000 
+0.090 | +0.991 | +0.095 | +0.000 
-0.000 | -0.095 | +0.995 | +0.000 
-9.622 | +16.672 | -6.749 | +1.000 
Reading displacements from:
/vol/bitbucket/mt3215/RESECT/RESECT/NIFTI/Case1/output/deeds/zero_displacements.dat
=============================================================
grid step 4
Starting registration of Case1-US.nii.gz and Case1-MRI_in_US.nii.gz
=============================================================
Reading affine matrix file: affine_matrix.txt
+0.996 | -0.090 | -0.008 | +0.000 
+0.090 | +0.991 | +0.095 | +0.000 
-0.000 | -0.095 | +0.995 | +0.000 
-9.622 | +16.672 | -6.749 | +1.000 
MIND STEPS, 3, 3, 2, 2, 1 
==========================================================
Level 0 grid=8 with sizes: 18x17x14 hw=8 quant=5
==========================================================
TMdDSTMdDS
Time: MIND=0.441931, data=1.3253, MST-reg=0.432782, transf.=0.303647
 speed=2.39435e+07 dof/s
std(J)=0.86 (J<0)=0e-7  SSD before registration: 8483.37 and after 8483.37

==========================================================
Level 1 grid=7 with sizes: 21x19x17 hw=7 quant=4
==========================================================
TMdDSTMdDS
Time: MIND=0.220331, data=0.998465, MST-reg=0.486556, transf.=0.305159
 speed=3.08314e+07 dof/s
std(J)=1.18 (J<0)=0e-7  SSD before registration: 8483.37 and after 6786.13

==========================================================
Level 2 grid=6 with sizes: 25x22x19 hw=6 quant=3
==========================================================
TMdDSTMdDS
Time: MIND=0.436218, data=0.544377, MST-reg=0.437357, transf.=0.307318
 speed=4.67716e+07 dof/s
std(J)=1.31 (J<0)=0e-7  SSD before registration: 8483.37 and after 5714.89

==========================================================
Level 3 grid=5 with sizes: 30x27x23 hw=5 quant=2
==========================================================
TMdDSTMdDS
Time: MIND=0.217441, data=0.451496, MST-reg=0.452286, transf.=0.304879
 speed=5.48728e+07 dof/s
std(J)=1.22 (J<0)=0e-7  SSD before registration: 8483.37 and after 5573.74

==========================================================
Level 4 grid=4 with sizes: 37x34x29 hw=4 quant=1
==========================================================
TMdDSTMdDS
Time: MIND=0.395692, data=0.670508, MST-reg=0.412236, transf.=0.304606
 speed=4.91259e+07 dof/s
std(J)=1.1 (J<0)=0e-7  SSD before registration: 8483.37 and after 5556.89

SSD before registration: 8391.34 and after 6695.2
outputseg /vol/bitbucket/mt3215/RESECT/RESECT/NIFTI/Case1/output/deeds/Case1-deeds_deformed_seg.nii.gz
Finished. Total time: 9.53334 sec. (0 sec. for MIND+data+reg+trans)
[reg_aladin] 
[reg_aladin] Command line:
[reg_aladin] 	 reg_aladin -ref bucket/RESECT/RESECT/NIFTI/Case1/output/deeds/Case1-US.nii.gz -flo bucket/RESECT/RESECT/NIFTI/Case1/output/deeds/clean_MRI.nii.gz -res bucket/RESECT/RESECT/NIFTI/Case1/output/deeds/Case1-MRI_to_US_result.nii.gz -aff bucket/RESECT/RESECT/NIFTI/Case1/output/deeds/affine_matrix_fitted_nifty.txt -noSym -rigOnly
[reg_aladin] 
[reg_aladin] OpenMP is used with 8 thread(s)
[Aladin] Parameters
[Aladin] Platform: cpu_platform
[Aladin] Reference image name: bucket/RESECT/RESECT/NIFTI/Case1/output/deeds/Case1-US.nii.gz
[Aladin] 	151x136x119 voxels
[Aladin] 	0.498613x0.497928x0.499973 mm
[Aladin] Floating image name: bucket/RESECT/RESECT/NIFTI/Case1/output/deeds/clean_MRI.nii.gz
[Aladin] 	151x136x119 voxels
[Aladin] 	0.498613x0.497928x0.499973 mm
[Aladin] Maximum iteration number: 5
[Aladin] 	(10 during the first level)
[Aladin] Percentage of blocks: 50 %
[Aladin] * * * * * * * * * * * * * * * * * * * * * * * * * * * * * *
[Aladin] Current level 1 / 3
[Aladin] reference image size: 	38x34x60 voxels	1.99445x1.99171x0.999946 mm
[Aladin] floating image size: 	38x34x60 voxels	1.99445x1.99171x0.999946 mm
[Aladin] Block size = [4 4 4]
[Aladin] * * * * * * * * * * * * * * * * * * * * * * * * * * * * * *
[Aladin] Block number = [10 9 15]
[reg_aladin] Initial transformation matrix::
1	0	0	0
0	1	0	0
0	0	1	0
0	0	0	1
[reg_aladin] Final transformation matrix::
0.9999251	-0.0121902	0.001072803	-0.6168179
0.01219372	0.9999201	-0.003340886	-0.04496839
-0.001032023	0.003353729	0.9999939	0.09360647
0	0	0	1
[Aladin] - - - - - - - - - - - - - - - - - - - - - - - - - - - - - -
[Aladin] Current level 2 / 3
[Aladin] reference image size: 	76x68x60 voxels	0.997225x0.995856x0.999946 mm
[Aladin] floating image size: 	76x68x60 voxels	0.997225x0.995856x0.999946 mm
[Aladin] Block size = [4 4 4]
[Aladin] * * * * * * * * * * * * * * * * * * * * * * * * * * * * * *
[Aladin] Block number = [19 17 15]
[reg_aladin] Initial transformation matrix::
0.9999251	-0.0121902	0.001072803	-0.6168179
0.01219372	0.9999201	-0.003340886	-0.04496839
-0.001032023	0.003353729	0.9999939	0.09360647
0	0	0	1
[reg_aladin] Final transformation matrix::
0.9999762	0.002992189	-0.006207482	0.3788668
-0.002996867	0.9999952	-0.0007446271	0.08664549
0.006205223	0.0007632367	0.9999805	-0.23191
0	0	0	1
[Aladin] - - - - - - - - - - - - - - - - - - - - - - - - - - - - - -
[Aladin] Current level 3 / 3
[Aladin] reference image size: 	151x136x119 voxels	0.498613x0.497928x0.499973 mm
[Aladin] floating image size: 	151x136x119 voxels	0.498613x0.497928x0.499973 mm
[Aladin] Block size = [4 4 4]
[Aladin] * * * * * * * * * * * * * * * * * * * * * * * * * * * * * *
[Aladin] Block number = [38 34 30]
[reg_aladin] Initial transformation matrix::
0.9999762	0.002992189	-0.006207482	0.3788668
-0.002996867	0.9999952	-0.0007446271	0.08664549
0.006205223	0.0007632367	0.9999805	-0.23191
0	0	0	1
[reg_aladin] Final transformation matrix::
0.9999384	-0.008087384	0.007604992	-0.2672484
0.008073721	0.9999658	0.001824171	-0.2164482
-0.007619491	-0.001762673	0.9999694	0.1967795
0	0	0	1
[Aladin] - - - - - - - - - - - - - - - - - - - - - - - - - - - - - -
[reg_aladin] Registration performed in 0 min 7 sec
[reg_aladin] Have a good day !

* * * * * * * * * * * * * * * * * * * * * * * * * * * * * * * * * * * * * * * *
Command line:
 reg_resample -ref bucket/RESECT/RESECT/NIFTI/Case1/output/deeds/Case1-US.nii -flo bucket/RESECT/RESECT/NIFTI/Case1/output/deeds/Case1-deeds_deformed_seg.nii.gz -res bucket/RESECT/RESECT/NIFTI/Case1/output/deeds/Case1-MRI-landmarks_fitted.nii.gz -trans bucket/RESECT/RESECT/NIFTI/Case1/output/deeds/affine_matrix_fitted_nifty.txt -inter 0
Parameters
Reference image name: bucket/RESECT/RESECT/NIFTI/Case1/output/deeds/Case1-US.nii.gz
	151x136x119 voxels, 1 volumes
	0.498613x0.497928x0.499973 mm
Floating image name: bucket/RESECT/RESECT/NIFTI/Case1/output/deeds/Case1-deeds_deformed_seg.nii.gz
	151x136x119 voxels, 1 volumes
	0.498613x0.497928x0.499973 mm
* * * * * * * * * * * * * * * * * * * * * * * * * * * * * * * * * * * * * * * *

[NiftyReg] Resampled image has been saved: bucket/RESECT/RESECT/NIFTI/Case1/output/deeds/Case1-MRI-landmarks_fitted.nii.gz
('landmark error (vox)', 5.118433806313351)
Starting linear reg. of Case2-US.nii.gz and Case2-MRI_in_US.nii.gz
=============================================================
Searching only for rigid (6 parameter) transform
TMdDSTMdDS
# points used: 3600/7200, quantile: 0.289855
t: MIND=0.42, data=0.36, affine=0.07, speed=3.89e+07 dof/s
TMdDSTMdDS
# points used: 5796/11592, quantile: 0.312217
t: MIND=0.39, data=0.18, affine=0.05, speed=5.72e+07 dof/s
TMdDSTMdDS
# points used: 11484/22968, quantile: 0.341786
t: MIND=0.19, data=0.12, affine=0.05, speed=6.65e+07 dof/s
TMdDSTMdDS
# points used: 24678/49358, quantile: 0.370778
t: MIND=0.38, data=0.11, affine=0.04, speed=5.35e+07 dof/s
+0.994 | +0.112 | +0.018 | +0.000 
-0.111 | +0.993 | -0.034 | +0.000 
-0.022 | +0.032 | +0.999 | +0.000 
+11.499 | -15.914 | +7.368 | +1.000 
Finished. Total time: 2.65237 sec. (2.37124 sec. for MIND+data+affine+trans)
Transforming Case2-MRI-landmarks.nii.gz into Case2-MRI-landmarks_linear.nii.gz
Reading affine matrix file: affine_matrix.txt
+0.994 | +0.112 | +0.018 | +0.000 
-0.111 | +0.993 | -0.034 | +0.000 
-0.022 | +0.032 | +0.999 | +0.000 
+11.499 | -15.914 | +7.368 | +1.000 
Reading displacements from:
/vol/bitbucket/mt3215/RESECT/RESECT/NIFTI/Case2/output/deeds/zero_displacements.dat
=============================================================
grid step 4
Starting registration of Case2-US.nii.gz and Case2-MRI_in_US.nii.gz
=============================================================
Reading affine matrix file: affine_matrix.txt
+0.994 | +0.112 | +0.018 | +0.000 
-0.111 | +0.993 | -0.034 | +0.000 
-0.022 | +0.032 | +0.999 | +0.000 
+11.499 | -15.914 | +7.368 | +1.000 
MIND STEPS, 3, 3, 2, 2, 1 
==========================================================
Level 0 grid=8 with sizes: 16x20x13 hw=8 quant=5
==========================================================
TMdDSTMdDS
Time: MIND=0.420805, data=1.36659, MST-reg=0.420715, transf.=0.321596
 speed=2.28703e+07 dof/s
std(J)=0.99 (J<0)=0e-7  SSD before registration: 6707.31 and after 6707.31

==========================================================
Level 1 grid=7 with sizes: 18x23x15 hw=7 quant=4
==========================================================
TMdDSTMdDS
Time: MIND=0.211844, data=0.860853, MST-reg=0.44612, transf.=0.325698
 speed=3.20722e+07 dof/s
std(J)=1.1 (J<0)=0e-7  SSD before registration: 6707.31 and after 5441.49

==========================================================
Level 2 grid=6 with sizes: 21x26x17 hw=6 quant=3
==========================================================
TMdDSTMdDS
Time: MIND=0.417796, data=0.53349, MST-reg=0.392886, transf.=0.328072
 speed=4.40265e+07 dof/s
std(J)=1.13 (J<0)=0e-7  SSD before registration: 6707.31 and after 4818.77

==========================================================
Level 3 grid=5 with sizes: 25x32x21 hw=5 quant=2
==========================================================
TMdDSTMdDS
Time: MIND=0.207961, data=0.456697, MST-reg=0.387877, transf.=0.323296
 speed=5.29517e+07 dof/s
std(J)=1.1 (J<0)=0e-7  SSD before registration: 6707.31 and after 4791.1

==========================================================
Level 4 grid=4 with sizes: 32x40x26 hw=4 quant=1
==========================================================
TMdDSTMdDS
Time: MIND=0.379591, data=0.625109, MST-reg=0.374652, transf.=0.319483
 speed=4.85338e+07 dof/s
std(J)=1.02 (J<0)=0e-7  SSD before registration: 6707.31 and after 4703.66

SSD before registration: 6512.06 and after 5789.36
outputseg /vol/bitbucket/mt3215/RESECT/RESECT/NIFTI/Case2/output/deeds/Case2-deeds_deformed_seg.nii.gz
Finished. Total time: 9.19945 sec. (0 sec. for MIND+data+reg+trans)
[reg_aladin] 
[reg_aladin] Command line:
[reg_aladin] 	 reg_aladin -ref bucket/RESECT/RESECT/NIFTI/Case2/output/deeds/Case2-US.nii.gz -flo bucket/RESECT/RESECT/NIFTI/Case2/output/deeds/clean_MRI.nii.gz -res bucket/RESECT/RESECT/NIFTI/Case2/output/deeds/Case2-MRI_to_US_result.nii.gz -aff bucket/RESECT/RESECT/NIFTI/Case2/output/deeds/affine_matrix_fitted_nifty.txt -noSym -rigOnly
[reg_aladin] 
[reg_aladin] OpenMP is used with 8 thread(s)
[Aladin] Parameters
[Aladin] Platform: cpu_platform
[Aladin] Reference image name: bucket/RESECT/RESECT/NIFTI/Case2/output/deeds/Case2-US.nii.gz
[Aladin] 	128x161x106 voxels
[Aladin] 	0.497621x0.497762x0.498787 mm
[Aladin] Floating image name: bucket/RESECT/RESECT/NIFTI/Case2/output/deeds/clean_MRI.nii.gz
[Aladin] 	128x161x106 voxels
[Aladin] 	0.497621x0.497762x0.498787 mm
[Aladin] Maximum iteration number: 5
[Aladin] 	(10 during the first level)
[Aladin] Percentage of blocks: 50 %
[Aladin] * * * * * * * * * * * * * * * * * * * * * * * * * * * * * *
[Aladin] Current level 1 / 3
[Aladin] reference image size: 	32x41x53 voxels	1.99048x1.99105x0.997573 mm
[Aladin] floating image size: 	32x41x53 voxels	1.99048x1.99105x0.997573 mm
[Aladin] Block size = [4 4 4]
[Aladin] * * * * * * * * * * * * * * * * * * * * * * * * * * * * * *
[Aladin] Block number = [8 11 14]
[reg_aladin] Initial transformation matrix::
1	0	0	0
0	1	0	-7.629395e-06
0	0	1	-3.814697e-06
0	0	0	1
[reg_aladin] Final transformation matrix::
0.999863	-0.01655189	-0.0001315894	1.150427
0.01655176	0.9998628	-0.0006542671	-0.3135335
0.0001423928	0.0006520138	0.9999998	-0.1565749
0	0	0	1
[Aladin] - - - - - - - - - - - - - - - - - - - - - - - - - - - - - -
[Aladin] Current level 2 / 3
[Aladin] reference image size: 	64x81x53 voxels	0.995241x0.995524x0.997573 mm
[Aladin] floating image size: 	64x81x53 voxels	0.995241x0.995524x0.997573 mm
[Aladin] Block size = [4 4 4]
[Aladin] * * * * * * * * * * * * * * * * * * * * * * * * * * * * * *
[Aladin] Block number = [16 21 14]
[reg_aladin] Initial transformation matrix::
0.999863	-0.01655189	-0.0001315894	1.150427
0.01655176	0.9998628	-0.0006542671	-0.3135335
0.0001423928	0.0006520138	0.9999998	-0.1565749
0	0	0	1
[reg_aladin] Final transformation matrix::
0.9999099	-0.01325313	-0.002134291	1.125106
0.0132568	0.9999107	0.00171247	-0.5048778
0.002111353	-0.001740637	0.9999962	-0.02668808
0	0	0	1
[Aladin] - - - - - - - - - - - - - - - - - - - - - - - - - - - - - -
[Aladin] Current level 3 / 3
[Aladin] reference image size: 	128x161x106 voxels	0.497621x0.497762x0.498787 mm
[Aladin] floating image size: 	128x161x106 voxels	0.497621x0.497762x0.498787 mm
[Aladin] Block size = [4 4 4]
[Aladin] * * * * * * * * * * * * * * * * * * * * * * * * * * * * * *
[Aladin] Block number = [32 41 27]
[reg_aladin] Initial transformation matrix::
0.9999099	-0.01325313	-0.002134291	1.125106
0.0132568	0.9999107	0.00171247	-0.5048778
0.002111353	-0.001740637	0.9999962	-0.02668808
0	0	0	1
[reg_aladin] Final transformation matrix::
0.9999785	-0.005334013	-0.003823705	0.5005674
0.005333184	0.9999858	-0.0002300847	-0.1884993
0.003824848	0.0002096732	0.9999927	-0.1497715
0	0	0	1
[Aladin] - - - - - - - - - - - - - - - - - - - - - - - - - - - - - -
[reg_aladin] Registration performed in 0 min 7 sec
[reg_aladin] Have a good day !

* * * * * * * * * * * * * * * * * * * * * * * * * * * * * * * * * * * * * * * *
Command line:
 reg_resample -ref bucket/RESECT/RESECT/NIFTI/Case2/output/deeds/Case2-US.nii -flo bucket/RESECT/RESECT/NIFTI/Case2/output/deeds/Case2-deeds_deformed_seg.nii.gz -res bucket/RESECT/RESECT/NIFTI/Case2/output/deeds/Case2-MRI-landmarks_fitted.nii.gz -trans bucket/RESECT/RESECT/NIFTI/Case2/output/deeds/affine_matrix_fitted_nifty.txt -inter 0
Parameters
Reference image name: bucket/RESECT/RESECT/NIFTI/Case2/output/deeds/Case2-US.nii.gz
	128x161x106 voxels, 1 volumes
	0.497621x0.497762x0.498787 mm
Floating image name: bucket/RESECT/RESECT/NIFTI/Case2/output/deeds/Case2-deeds_deformed_seg.nii.gz
	128x161x106 voxels, 1 volumes
	0.497621x0.497762x0.498787 mm
* * * * * * * * * * * * * * * * * * * * * * * * * * * * * * * * * * * * * * * *

[NiftyReg] Resampled image has been saved: bucket/RESECT/RESECT/NIFTI/Case2/output/deeds/Case2-MRI-landmarks_fitted.nii.gz
('landmark error (vox)', 5.13583409778291)
Starting linear reg. of Case3-US.nii.gz and Case3-MRI_in_US.nii.gz
=============================================================
Searching only for rigid (6 parameter) transform
TMdDSTMdDS
# points used: 2640/5280, quantile: 0.275689
t: MIND=0.31, data=0.28, affine=0.05, speed=3.89e+07 dof/s
TMdDSTMdDS
# points used: 4446/8892, quantile: 0.300731
t: MIND=0.28, data=0.11, affine=0.04, speed=6.92e+07 dof/s
TMdDSTMdDS
# points used: 8448/16896, quantile: 0.329357
t: MIND=0.14, data=0.09, affine=0.04, speed=6.76e+07 dof/s
TMdDSTMdDS
# points used: 17640/35280, quantile: 0.359238
t: MIND=0.28, data=0.07, affine=0.03, speed=5.78e+07 dof/s
+0.998 | +0.059 | -0.006 | +0.000 
-0.059 | +0.997 | +0.055 | +0.000 
+0.010 | -0.054 | +0.998 | +0.000 
+14.992 | +2.861 | +12.939 | +1.000 
Finished. Total time: 1.92349 sec. (1.71643 sec. for MIND+data+affine+trans)
Transforming Case3-MRI-landmarks.nii.gz into Case3-MRI-landmarks_linear.nii.gz
Reading affine matrix file: affine_matrix.txt
+0.998 | +0.059 | -0.006 | +0.000 
-0.059 | +0.997 | +0.055 | +0.000 
+0.010 | -0.054 | +0.998 | +0.000 
+14.992 | +2.861 | +12.939 | +1.000 
Reading displacements from:
/vol/bitbucket/mt3215/RESECT/RESECT/NIFTI/Case3/output/deeds/zero_displacements.dat
=============================================================
grid step 4
Starting registration of Case3-US.nii.gz and Case3-MRI_in_US.nii.gz
=============================================================
Reading affine matrix file: affine_matrix.txt
+0.998 | +0.059 | -0.006 | +0.000 
-0.059 | +0.997 | +0.055 | +0.000 
+0.010 | -0.054 | +0.998 | +0.000 
+14.992 | +2.861 | +12.939 | +1.000 
MIND STEPS, 3, 3, 2, 2, 1 
==========================================================
Level 0 grid=8 with sizes: 16x15x12 hw=8 quant=5
==========================================================
TMdDSTMdDS
Time: MIND=0.303089, data=0.893511, MST-reg=0.300808, transf.=0.209853
 speed=2.36946e+07 dof/s
std(J)=0.93 (J<0)=0e-7  SSD before registration: 4654.78 and after 4654.78

==========================================================
Level 1 grid=7 with sizes: 19x18x14 hw=7 quant=4
==========================================================
TMdDSTMdDS
Time: MIND=0.138233, data=0.656152, MST-reg=0.341284, transf.=0.205116
 speed=3.24021e+07 dof/s
std(J)=1.16 (J<0)=0e-7  SSD before registration: 4654.78 and after 3861.52

==========================================================
Level 2 grid=6 with sizes: 22x21x16 hw=6 quant=3
==========================================================
TMdDSTMdDS
Time: MIND=0.273021, data=0.322131, MST-reg=0.31168, transf.=0.207384
 speed=5.12463e+07 dof/s
std(J)=1.14 (J<0)=0e-7  SSD before registration: 4654.78 and after 3065.38

==========================================================
Level 3 grid=5 with sizes: 27x25x19 hw=5 quant=2
==========================================================
TMdDSTMdDS
Time: MIND=0.136262, data=0.340625, MST-reg=0.308539, transf.=0.205179
 speed=5.2591e+07 dof/s
std(J)=1.1 (J<0)=0e-7  SSD before registration: 4654.78 and after 3285.23

==========================================================
Level 4 grid=4 with sizes: 33x31x24 hw=4 quant=1
==========================================================
TMdDSTMdDS
Time: MIND=0.273769, data=0.404865, MST-reg=0.279903, transf.=0.207159
 speed=5.22758e+07 dof/s
std(J)=1.01 (J<0)=0e-7  SSD before registration: 4654.78 and after 3367.31

SSD before registration: 4043.4 and after 4147.26
outputseg /vol/bitbucket/mt3215/RESECT/RESECT/NIFTI/Case3/output/deeds/Case3-deeds_deformed_seg.nii.gz
Finished. Total time: 6.37975 sec. (0 sec. for MIND+data+reg+trans)
[reg_aladin] 
[reg_aladin] Command line:
[reg_aladin] 	 reg_aladin -ref bucket/RESECT/RESECT/NIFTI/Case3/output/deeds/Case3-US.nii.gz -flo bucket/RESECT/RESECT/NIFTI/Case3/output/deeds/clean_MRI.nii.gz -res bucket/RESECT/RESECT/NIFTI/Case3/output/deeds/Case3-MRI_to_US_result.nii.gz -aff bucket/RESECT/RESECT/NIFTI/Case3/output/deeds/affine_matrix_fitted_nifty.txt -noSym -rigOnly
[reg_aladin] 
[reg_aladin] OpenMP is used with 8 thread(s)
[Aladin] Parameters
[Aladin] Platform: cpu_platform
[Aladin] Reference image name: bucket/RESECT/RESECT/NIFTI/Case3/output/deeds/Case3-US.nii.gz
[Aladin] 	135x126x99 voxels
[Aladin] 	0.499259x0.496825x0.496969 mm
[Aladin] Floating image name: bucket/RESECT/RESECT/NIFTI/Case3/output/deeds/clean_MRI.nii.gz
[Aladin] 	135x126x99 voxels
[Aladin] 	0.499259x0.496825x0.496969 mm
[Aladin] Maximum iteration number: 5
[Aladin] 	(10 during the first level)
[Aladin] Percentage of blocks: 50 %
[Aladin] * * * * * * * * * * * * * * * * * * * * * * * * * * * * * *
[Aladin] Current level 1 / 3
[Aladin] reference image size: 	34x63x50 voxels	1.99704x0.993651x0.993939 mm
[Aladin] floating image size: 	34x63x50 voxels	1.99704x0.993651x0.993939 mm
[Aladin] Block size = [4 4 4]
[Aladin] * * * * * * * * * * * * * * * * * * * * * * * * * * * * * *
[Aladin] Block number = [9 16 13]
[reg_aladin] Initial transformation matrix::
1	0	0	0
0	1	0	9.536743e-07
0	0	1	0
0	0	0	1
[reg_aladin] Final transformation matrix::
0.9999832	-0.002297214	-0.005329381	-0.1504945
0.002264364	0.9999784	-0.006164358	0.4165695
0.005343393	0.006152187	0.9999668	0.2000895
0	0	0	1
[Aladin] - - - - - - - - - - - - - - - - - - - - - - - - - - - - - -
[Aladin] Current level 2 / 3
[Aladin] reference image size: 	68x63x50 voxels	0.998519x0.993651x0.993939 mm
[Aladin] floating image size: 	68x63x50 voxels	0.998519x0.993651x0.993939 mm
[Aladin] Block size = [4 4 4]
[Aladin] * * * * * * * * * * * * * * * * * * * * * * * * * * * * * *
[Aladin] Block number = [17 16 13]
[reg_aladin] Initial transformation matrix::
0.9999832	-0.002297214	-0.005329381	-0.1504945
0.002264364	0.9999784	-0.006164358	0.4165695
0.005343393	0.006152187	0.9999668	0.2000895
0	0	0	1
[reg_aladin] Final transformation matrix::
0.9999966	9.61045e-06	0.00263199	-0.1744104
-1.114432e-05	0.9999998	0.0005822234	0.0005731056
-0.002631986	-0.0005822619	0.9999964	0.007311448
0	0	0	1
[Aladin] - - - - - - - - - - - - - - - - - - - - - - - - - - - - - -
[Aladin] Current level 3 / 3
[Aladin] reference image size: 	135x126x99 voxels	0.499259x0.496825x0.496969 mm
[Aladin] floating image size: 	135x126x99 voxels	0.499259x0.496825x0.496969 mm
[Aladin] Block size = [4 4 4]
[Aladin] * * * * * * * * * * * * * * * * * * * * * * * * * * * * * *
[Aladin] Block number = [34 32 25]
[reg_aladin] Initial transformation matrix::
0.9999966	9.61045e-06	0.00263199	-0.1744104
-1.114432e-05	0.9999998	0.0005822234	0.0005731056
-0.002631986	-0.0005822619	0.9999964	0.007311448
0	0	0	1
[reg_aladin] Final transformation matrix::
0.9999993	0.0004704811	0.001060697	0.2566378
-0.0004738853	0.9999948	0.003212719	-0.1133265
-0.001059195	-0.003213204	0.9999943	-0.07662235
0	0	0	1
[Aladin] - - - - - - - - - - - - - - - - - - - - - - - - - - - - - -
[reg_aladin] Registration performed in 0 min 4 sec
[reg_aladin] Have a good day !

* * * * * * * * * * * * * * * * * * * * * * * * * * * * * * * * * * * * * * * *
Command line:
 reg_resample -ref bucket/RESECT/RESECT/NIFTI/Case3/output/deeds/Case3-US.nii -flo bucket/RESECT/RESECT/NIFTI/Case3/output/deeds/Case3-deeds_deformed_seg.nii.gz -res bucket/RESECT/RESECT/NIFTI/Case3/output/deeds/Case3-MRI-landmarks_fitted.nii.gz -trans bucket/RESECT/RESECT/NIFTI/Case3/output/deeds/affine_matrix_fitted_nifty.txt -inter 0
Parameters
Reference image name: bucket/RESECT/RESECT/NIFTI/Case3/output/deeds/Case3-US.nii.gz
	135x126x99 voxels, 1 volumes
	0.499259x0.496825x0.496969 mm
Floating image name: bucket/RESECT/RESECT/NIFTI/Case3/output/deeds/Case3-deeds_deformed_seg.nii.gz
	135x126x99 voxels, 1 volumes
	0.499259x0.496825x0.496969 mm
* * * * * * * * * * * * * * * * * * * * * * * * * * * * * * * * * * * * * * * *

[NiftyReg] Resampled image has been saved: bucket/RESECT/RESECT/NIFTI/Case3/output/deeds/Case3-MRI-landmarks_fitted.nii.gz
('landmark error (vox)', 4.571357602677868)
Starting linear reg. of Case4-US.nii.gz and Case4-MRI_in_US.nii.gz
=============================================================
Searching only for rigid (6 parameter) transform
TMdDSTMdDS
# points used: 3570/7140, quantile: 0.291667
t: MIND=0.43, data=0.37, affine=0.07, speed=3.70e+07 dof/s
TMdDSTMdDS
# points used: 6426/12852, quantile: 0.318750
t: MIND=0.40, data=0.17, affine=0.06, speed=6.43e+07 dof/s
TMdDSTMdDS
# points used: 12650/25300, quantile: 0.347527
t: MIND=0.19, data=0.13, affine=0.05, speed=6.76e+07 dof/s
TMdDSTMdDS
# points used: 26796/53592, quantile: 0.375168
t: MIND=0.39, data=0.12, affine=0.04, speed=5.54e+07 dof/s
+0.998 | +0.026 | -0.053 | +0.000 
-0.026 | +1.000 | +0.003 | +0.000 
+0.053 | -0.002 | +0.999 | +0.000 
-4.471 | -5.367 | +0.344 | +1.000 
Finished. Total time: 2.7376 sec. (2.42375 sec. for MIND+data+affine+trans)
Transforming Case4-MRI-landmarks.nii.gz into Case4-MRI-landmarks_linear.nii.gz
Reading affine matrix file: affine_matrix.txt
+0.998 | +0.026 | -0.053 | +0.000 
-0.026 | +1.000 | +0.003 | +0.000 
+0.053 | -0.002 | +0.999 | +0.000 
-4.471 | -5.367 | +0.344 | +1.000 
Reading displacements from:
/vol/bitbucket/mt3215/RESECT/RESECT/NIFTI/Case4/output/deeds/zero_displacements.dat
=============================================================
grid step 4
Starting registration of Case4-US.nii.gz and Case4-MRI_in_US.nii.gz
=============================================================
Reading affine matrix file: affine_matrix.txt
+0.998 | +0.026 | -0.053 | +0.000 
-0.026 | +1.000 | +0.003 | +0.000 
+0.053 | -0.002 | +0.999 | +0.000 
-4.471 | -5.367 | +0.344 | +1.000 
MIND STEPS, 3, 3, 2, 2, 1 
==========================================================
Level 0 grid=8 with sizes: 18x16x15 hw=8 quant=5
==========================================================
TMdDSTMdDS
Time: MIND=0.428992, data=1.25982, MST-reg=0.430968, transf.=0.294977
 speed=2.51056e+07 dof/s
std(J)=1.02 (J<0)=0e-7  SSD before registration: 4657.16 and after 4657.16

==========================================================
Level 1 grid=7 with sizes: 20x18x17 hw=7 quant=4
==========================================================
TMdDSTMdDS
Time: MIND=0.218781, data=0.887788, MST-reg=0.442756, transf.=0.295008
 speed=3.10475e+07 dof/s
std(J)=1.19 (J<0)=0e-7  SSD before registration: 4657.16 and after 3834.07

==========================================================
Level 2 grid=6 with sizes: 24x21x20 hw=6 quant=3
==========================================================
TMdDSTMdDS
Time: MIND=0.420228, data=0.537351, MST-reg=0.418251, transf.=0.297263
 speed=4.63493e+07 dof/s
std(J)=1.24 (J<0)=0e-7  SSD before registration: 4657.16 and after 3558.11

==========================================================
Level 3 grid=5 with sizes: 28x26x25 hw=5 quant=2
==========================================================
TMdDSTMdDS
Time: MIND=0.209595, data=0.500364, MST-reg=0.416581, transf.=0.294836
 speed=5.28367e+07 dof/s
std(J)=1.16 (J<0)=0e-7  SSD before registration: 4657.16 and after 3531.74

==========================================================
Level 4 grid=4 with sizes: 36x32x31 hw=4 quant=1
==========================================================
TMdDSTMdDS
Time: MIND=0.383989, data=0.608696, MST-reg=0.400534, transf.=0.289481
 speed=5.15919e+07 dof/s
std(J)=1.08 (J<0)=0e-7  SSD before registration: 4657.16 and after 3583.03

SSD before registration: 4560.09 and after 4588.69
outputseg /vol/bitbucket/mt3215/RESECT/RESECT/NIFTI/Case4/output/deeds/Case4-deeds_deformed_seg.nii.gz
Finished. Total time: 9.11713 sec. (0 sec. for MIND+data+reg+trans)
[reg_aladin] 
[reg_aladin] Command line:
[reg_aladin] 	 reg_aladin -ref bucket/RESECT/RESECT/NIFTI/Case4/output/deeds/Case4-US.nii.gz -flo bucket/RESECT/RESECT/NIFTI/Case4/output/deeds/clean_MRI.nii.gz -res bucket/RESECT/RESECT/NIFTI/Case4/output/deeds/Case4-MRI_to_US_result.nii.gz -aff bucket/RESECT/RESECT/NIFTI/Case4/output/deeds/affine_matrix_fitted_nifty.txt -noSym -rigOnly
[reg_aladin] 
[reg_aladin] OpenMP is used with 8 thread(s)
[Aladin] Parameters
[Aladin] Platform: cpu_platform
[Aladin] Reference image name: bucket/RESECT/RESECT/NIFTI/Case4/output/deeds/Case4-US.nii.gz
[Aladin] 	144x130x125 voxels
[Aladin] 	0.498479x0.496454x0.499272 mm
[Aladin] Floating image name: bucket/RESECT/RESECT/NIFTI/Case4/output/deeds/clean_MRI.nii.gz
[Aladin] 	144x130x125 voxels
[Aladin] 	0.498479x0.496454x0.499272 mm
[Aladin] Maximum iteration number: 5
[Aladin] 	(10 during the first level)
[Aladin] Percentage of blocks: 50 %
[Aladin] * * * * * * * * * * * * * * * * * * * * * * * * * * * * * *
[Aladin] Current level 1 / 3
[Aladin] reference image size: 	36x33x63 voxels	1.99392x1.98582x0.998544 mm
[Aladin] floating image size: 	36x33x63 voxels	1.99392x1.98582x0.998544 mm
[Aladin] Block size = [4 4 4]
[Aladin] * * * * * * * * * * * * * * * * * * * * * * * * * * * * * *
[Aladin] Block number = [9 9 16]
[reg_aladin] Initial transformation matrix::
1	0	0	5.722046e-06
0	1	0	0
0	0	1	-5.722046e-06
0	0	0	1
[reg_aladin] Final transformation matrix::
0.9999042	-0.006483729	0.01222814	0.0452367
0.006531905	0.999971	-0.003907415	-0.01987729
-0.01220245	0.003986893	0.9999176	0.5062375
0	0	0	1
[Aladin] - - - - - - - - - - - - - - - - - - - - - - - - - - - - - -
[Aladin] Current level 2 / 3
[Aladin] reference image size: 	72x65x63 voxels	0.996958x0.992908x0.998544 mm
[Aladin] floating image size: 	72x65x63 voxels	0.996958x0.992908x0.998544 mm
[Aladin] Block size = [4 4 4]
[Aladin] * * * * * * * * * * * * * * * * * * * * * * * * * * * * * *
[Aladin] Block number = [18 17 16]
[reg_aladin] Initial transformation matrix::
0.9999042	-0.006483729	0.01222814	0.0452367
0.006531905	0.999971	-0.003907415	-0.01987729
-0.01220245	0.003986893	0.9999176	0.5062375
0	0	0	1
[reg_aladin] Final transformation matrix::
0.9999841	-0.003317005	0.004555401	0.07376996
0.003320895	0.9999941	-0.000846168	-0.04316229
-0.004552549	0.0008612941	0.9999892	0.1272203
0	0	0	1
[Aladin] - - - - - - - - - - - - - - - - - - - - - - - - - - - - - -
[Aladin] Current level 3 / 3
[Aladin] reference image size: 	144x130x125 voxels	0.498479x0.496454x0.499272 mm
[Aladin] floating image size: 	144x130x125 voxels	0.498479x0.496454x0.499272 mm
[Aladin] Block size = [4 4 4]
[Aladin] * * * * * * * * * * * * * * * * * * * * * * * * * * * * * *
[Aladin] Block number = [36 33 32]
[reg_aladin] Initial transformation matrix::
0.9999841	-0.003317005	0.004555401	0.07376996
0.003320895	0.9999941	-0.000846168	-0.04316229
-0.004552549	0.0008612941	0.9999892	0.1272203
0	0	0	1
[reg_aladin] Final transformation matrix::
0.9999856	-0.002389811	0.00480239	-0.01817445
0.002407338	0.9999905	-0.003647542	0.1275258
-0.004793604	0.003659067	0.9999818	0.0882667
0	0	0	1
[Aladin] - - - - - - - - - - - - - - - - - - - - - - - - - - - - - -
[reg_aladin] Registration performed in 0 min 6 sec
[reg_aladin] Have a good day !

* * * * * * * * * * * * * * * * * * * * * * * * * * * * * * * * * * * * * * * *
Command line:
 reg_resample -ref bucket/RESECT/RESECT/NIFTI/Case4/output/deeds/Case4-US.nii -flo bucket/RESECT/RESECT/NIFTI/Case4/output/deeds/Case4-deeds_deformed_seg.nii.gz -res bucket/RESECT/RESECT/NIFTI/Case4/output/deeds/Case4-MRI-landmarks_fitted.nii.gz -trans bucket/RESECT/RESECT/NIFTI/Case4/output/deeds/affine_matrix_fitted_nifty.txt -inter 0
Parameters
Reference image name: bucket/RESECT/RESECT/NIFTI/Case4/output/deeds/Case4-US.nii.gz
	144x130x125 voxels, 1 volumes
	0.498479x0.496454x0.499272 mm
Floating image name: bucket/RESECT/RESECT/NIFTI/Case4/output/deeds/Case4-deeds_deformed_seg.nii.gz
	144x130x125 voxels, 1 volumes
	0.498479x0.496454x0.499272 mm
* * * * * * * * * * * * * * * * * * * * * * * * * * * * * * * * * * * * * * * *

[NiftyReg] Resampled image has been saved: bucket/RESECT/RESECT/NIFTI/Case4/output/deeds/Case4-MRI-landmarks_fitted.nii.gz
('landmark error (vox)', 2.942794799410353)
Starting linear reg. of Case5-US.nii.gz and Case5-MRI_in_US.nii.gz
=============================================================
Searching only for rigid (6 parameter) transform
TMdDSTMdDS
# points used: 6080/12160, quantile: 0.316206
t: MIND=0.58, data=0.51, affine=0.10, speed=4.19e+07 dof/s
TMdDSTMdDS
# points used: 10488/20976, quantile: 0.339549
t: MIND=0.56, data=0.28, affine=0.09, speed=6.12e+07 dof/s
TMdDSTMdDS
# points used: 19488/38976, quantile: 0.363799
t: MIND=0.28, data=0.20, affine=0.08, speed=6.66e+07 dof/s
TMdDSTMdDS
# points used: 39960/79920, quantile: 0.388112
t: MIND=0.56, data=0.18, affine=0.06, speed=5.34e+07 dof/s
+0.996 | -0.018 | +0.092 | +0.000 
+0.016 | +1.000 | +0.023 | +0.000 
-0.092 | -0.021 | +0.996 | +0.000 
+19.030 | -14.904 | -3.884 | +1.000 
Finished. Total time: 3.90214 sec. (3.47999 sec. for MIND+data+affine+trans)
Transforming Case5-MRI-landmarks.nii.gz into Case5-MRI-landmarks_linear.nii.gz
Reading affine matrix file: affine_matrix.txt
+0.996 | -0.018 | +0.092 | +0.000 
+0.016 | +1.000 | +0.023 | +0.000 
-0.092 | -0.021 | +0.996 | +0.000 
+19.030 | -14.904 | -3.884 | +1.000 
Reading displacements from:
/vol/bitbucket/mt3215/RESECT/RESECT/NIFTI/Case5/output/deeds/zero_displacements.dat
=============================================================
grid step 4
Starting registration of Case5-US.nii.gz and Case5-MRI_in_US.nii.gz
=============================================================
Reading affine matrix file: affine_matrix.txt
+0.996 | -0.018 | +0.092 | +0.000 
+0.016 | +1.000 | +0.023 | +0.000 
-0.092 | -0.021 | +0.996 | +0.000 
+19.030 | -14.904 | -3.884 | +1.000 
MIND STEPS, 3, 3, 2, 2, 1 
==========================================================
Level 0 grid=8 with sizes: 19x20x16 hw=8 quant=5
==========================================================
TMdDSTMdDS
Time: MIND=0.581114, data=1.79261, MST-reg=0.598323, transf.=0.447834
 speed=2.49869e+07 dof/s
std(J)=0.88 (J<0)=0e-7  SSD before registration: 3598.34 and after 3598.34

==========================================================
Level 1 grid=7 with sizes: 22x23x19 hw=7 quant=4
==========================================================
TMdDSTMdDS
Time: MIND=0.282017, data=1.2415, MST-reg=0.677285, transf.=0.448672
 speed=3.38206e+07 dof/s
std(J)=1.22 (J<0)=0e-7  SSD before registration: 3598.34 and after 3069.9

==========================================================
Level 2 grid=6 with sizes: 26x27x22 hw=6 quant=3
==========================================================
TMdDSTMdDS
Time: MIND=0.557144, data=0.785489, MST-reg=0.63859, transf.=0.449535
 speed=4.76525e+07 dof/s
std(J)=1.28 (J<0)=0e-7  SSD before registration: 3598.34 and after 2787.08

==========================================================
Level 3 grid=5 with sizes: 31x32x27 hw=5 quant=2
==========================================================
TMdDSTMdDS
Time: MIND=0.280449, data=0.714319, MST-reg=0.656052, transf.=0.450598
 speed=5.2029e+07 dof/s
std(J)=1.24 (J<0)=0e-7  SSD before registration: 3598.34 and after 2681.04

==========================================================
Level 4 grid=4 with sizes: 39x40x33 hw=4 quant=1
==========================================================
TMdDSTMdDS
Time: MIND=0.56019, data=0.9284, MST-reg=0.580203, transf.=0.451617
 speed=4.97532e+07 dof/s
std(J)=1.14 (J<0)=0e-7  SSD before registration: 3598.34 and after 2659.63

SSD before registration: 3142.75 and after 3047.27
outputseg /vol/bitbucket/mt3215/RESECT/RESECT/NIFTI/Case5/output/deeds/Case5-deeds_deformed_seg.nii.gz
Finished. Total time: 13.2358 sec. (0 sec. for MIND+data+reg+trans)
[reg_aladin] 
[reg_aladin] Command line:
[reg_aladin] 	 reg_aladin -ref bucket/RESECT/RESECT/NIFTI/Case5/output/deeds/Case5-US.nii.gz -flo bucket/RESECT/RESECT/NIFTI/Case5/output/deeds/clean_MRI.nii.gz -res bucket/RESECT/RESECT/NIFTI/Case5/output/deeds/Case5-MRI_to_US_result.nii.gz -aff bucket/RESECT/RESECT/NIFTI/Case5/output/deeds/affine_matrix_fitted_nifty.txt -noSym -rigOnly
[reg_aladin] 
[reg_aladin] OpenMP is used with 8 thread(s)
[Aladin] Parameters
[Aladin] Platform: cpu_platform
[Aladin] Reference image name: bucket/RESECT/RESECT/NIFTI/Case5/output/deeds/Case5-US.nii.gz
[Aladin] 	157x163x135 voxels
[Aladin] 	0.498447x0.497935x0.498915 mm
[Aladin] Floating image name: bucket/RESECT/RESECT/NIFTI/Case5/output/deeds/clean_MRI.nii.gz
[Aladin] 	157x163x135 voxels
[Aladin] 	0.498447x0.497935x0.498915 mm
[Aladin] Maximum iteration number: 5
[Aladin] 	(10 during the first level)
[Aladin] Percentage of blocks: 50 %
[Aladin] * * * * * * * * * * * * * * * * * * * * * * * * * * * * * *
[Aladin] Current level 1 / 3
[Aladin] reference image size: 	40x41x34 voxels	1.99379x1.99174x1.99566 mm
[Aladin] floating image size: 	40x41x34 voxels	1.99379x1.99174x1.99566 mm
[Aladin] Block size = [4 4 4]
[Aladin] * * * * * * * * * * * * * * * * * * * * * * * * * * * * * *
[Aladin] Block number = [10 11 9]
[reg_aladin] Initial transformation matrix::
1	0	0	0
0	1	0	-4.768372e-07
0	0	1	-4.768372e-06
0	0	0	1
[reg_aladin] Final transformation matrix::
0.9999657	-0.005297726	0.006364131	0.1733655
0.005342611	0.9999608	-0.007057499	0.3372768
-0.006326482	0.007091283	0.9999548	-0.3316127
0	0	0	1
[Aladin] - - - - - - - - - - - - - - - - - - - - - - - - - - - - - -
[Aladin] Current level 2 / 3
[Aladin] reference image size: 	79x82x68 voxels	0.996893x0.995871x0.997831 mm
[Aladin] floating image size: 	79x82x68 voxels	0.996893x0.995871x0.997831 mm
[Aladin] Block size = [4 4 4]
[Aladin] * * * * * * * * * * * * * * * * * * * * * * * * * * * * * *
[Aladin] Block number = [20 21 17]
[reg_aladin] Initial transformation matrix::
0.9999657	-0.005297726	0.006364131	0.1733655
0.005342611	0.9999608	-0.007057499	0.3372768
-0.006326482	0.007091283	0.9999548	-0.3316127
0	0	0	1
[reg_aladin] Final transformation matrix::
0.9999985	-0.000823461	0.001555924	0.07276626
0.0008292441	0.9999928	-0.003712454	-0.06522728
-0.001552841	0.003713743	0.9999919	-0.07446824
0	0	0	1
[Aladin] - - - - - - - - - - - - - - - - - - - - - - - - - - - - - -
[Aladin] Current level 3 / 3
[Aladin] reference image size: 	157x163x135 voxels	0.498447x0.497935x0.498915 mm
[Aladin] floating image size: 	157x163x135 voxels	0.498447x0.497935x0.498915 mm
[Aladin] Block size = [4 4 4]
[Aladin] * * * * * * * * * * * * * * * * * * * * * * * * * * * * * *
[Aladin] Block number = [40 41 34]
[reg_aladin] Initial transformation matrix::
0.9999985	-0.000823461	0.001555924	0.07276626
0.0008292441	0.9999928	-0.003712454	-0.06522728
-0.001552841	0.003713743	0.9999919	-0.07446824
0	0	0	1
[reg_aladin] Final transformation matrix::
0.999901	-0.007479456	-0.01191607	-0.009733984
0.007476331	0.999972	-0.0003066123	0.1645205
0.01191802	0.0002174975	0.999929	0.5981816
0	0	0	1
[Aladin] - - - - - - - - - - - - - - - - - - - - - - - - - - - - - -
[reg_aladin] Registration performed in 0 min 7 sec
[reg_aladin] Have a good day !

* * * * * * * * * * * * * * * * * * * * * * * * * * * * * * * * * * * * * * * *
Command line:
 reg_resample -ref bucket/RESECT/RESECT/NIFTI/Case5/output/deeds/Case5-US.nii -flo bucket/RESECT/RESECT/NIFTI/Case5/output/deeds/Case5-deeds_deformed_seg.nii.gz -res bucket/RESECT/RESECT/NIFTI/Case5/output/deeds/Case5-MRI-landmarks_fitted.nii.gz -trans bucket/RESECT/RESECT/NIFTI/Case5/output/deeds/affine_matrix_fitted_nifty.txt -inter 0
Parameters
Reference image name: bucket/RESECT/RESECT/NIFTI/Case5/output/deeds/Case5-US.nii.gz
	157x163x135 voxels, 1 volumes
	0.498447x0.497935x0.498915 mm
Floating image name: bucket/RESECT/RESECT/NIFTI/Case5/output/deeds/Case5-deeds_deformed_seg.nii.gz
	157x163x135 voxels, 1 volumes
	0.498447x0.497935x0.498915 mm
* * * * * * * * * * * * * * * * * * * * * * * * * * * * * * * * * * * * * * * *

[NiftyReg] Resampled image has been saved: bucket/RESECT/RESECT/NIFTI/Case5/output/deeds/Case5-MRI-landmarks_fitted.nii.gz
('landmark error (vox)', 4.221372042036636)
Starting linear reg. of Case6-US.nii.gz and Case6-MRI_in_US.nii.gz
=============================================================
Searching only for rigid (6 parameter) transform
TMdDSTMdDS
# points used: 5302/10608, quantile: 0.306944
t: MIND=0.58, data=0.44, affine=0.09, speed=4.33e+07 dof/s
TMdDSTMdDS
# points used: 8960/17920, quantile: 0.330701
t: MIND=0.57, data=0.24, affine=0.08, speed=6.29e+07 dof/s
TMdDSTMdDS
# points used: 17000/34000, quantile: 0.356723
