[reg_aladin] 
[reg_aladin] Command line:
[reg_aladin] 	 reg_aladin -ref bucket/RESECT/RESECT/NIFTI/Case1/output/nifty_deeds/after/Case1-US.nii.gz -flo bucket/RESECT/RESECT/NIFTI/Case1/output/nifty_deeds/after/Case1-MRI_in_US.nii.gz -res bucket/RESECT/RESECT/NIFTI/Case1/output/nifty_deeds/after/Case1-MRI_to_US_result_rigid.nii.gz -rmask bucket/RESECT/RESECT/NIFTI/Case1/output/nifty_deeds/after/mask_US.nii.gz -fmask bucket/RESECT/RESECT/NIFTI/Case1/output/nifty_deeds/after/mask_US.nii.gz -aff bucket/RESECT/RESECT/NIFTI/Case1/output/nifty_deeds/after/affine_matrix.txt
[reg_aladin] 
[reg_aladin] OpenMP is used with 8 thread(s)
[reg_aladin_sym] Parameters
[reg_aladin_sym] Platform: cpu_platform
[reg_aladin_sym] Reference image name: bucket/RESECT/RESECT/NIFTI/Case1/output/nifty_deeds/after/Case1-US.nii.gz
[reg_aladin_sym] 	135x134x128 voxels
[reg_aladin_sym] 	0.49715x0.499275x0.499448 mm
[reg_aladin_sym] Floating image name: bucket/RESECT/RESECT/NIFTI/Case1/output/nifty_deeds/after/Case1-MRI_in_US.nii.gz
[reg_aladin_sym] 	135x134x128 voxels
[reg_aladin_sym] 	0.49715x0.499275x0.499448 mm
[reg_aladin_sym] Maximum iteration number: 5
[reg_aladin_sym] 	(10 during the first level)
[reg_aladin_sym] Percentage of blocks: 50 %
[reg_aladin_sym] * * * * * * * * * * * * * * * * * * * * * * * * * * * * * *
[reg_aladin_sym] Current level 1 / 3
[reg_aladin_sym] reference image size: 	34x34x32 voxels	1.9886x1.9971x1.99779 mm
[reg_aladin_sym] floating image size: 	34x34x32 voxels	1.9886x1.9971x1.99779 mm
[reg_aladin_sym] Block size = [4 4 4]
[reg_aladin_sym] * * * * * * * * * * * * * * * * * * * * * * * * * * * * * *
[reg_aladin_sym] Forward Block number = [9 9 8]
[reg_aladin_sym] Backward Block number = [9 9 8]
[reg_aladin_sym] Initial forward transformation matrix::
1	0	0	0
0	1	0	0
0	0	1	0
0	0	0	1
[reg_aladin_sym] Initial backward transformation matrix::
1	0	0	0
0	1	0	0
0	0	1	0
0	0	0	1
[reg_aladin_sym] * * * * * * * * * * * * * * * * * * * * * * * * * * * * * *
[reg_aladin_sym] Final forward transformation matrix::
1.144144	0.1033027	0.07039078	0.3394174
-0.4681073	1.188864	-0.08464589	25.32982
-0.2066348	-0.06817059	0.8728869	11.055
0	0	0	1
[reg_aladin_sym] Final backward transformation matrix::
0.8293726	-0.0763253	-0.07428318	2.473003
0.342443	0.8143283	0.05135226	-21.31072
0.2230779	0.04552913	1.13205	-13.74377
0	0	0	1
[reg_aladin_sym] - - - - - - - - - - - - - - - - - - - - - - - - - - - - - -
[reg_aladin_sym] Current level 2 / 3
[reg_aladin_sym] reference image size: 	68x67x64 voxels	0.9943x0.99855x0.998897 mm
[reg_aladin_sym] floating image size: 	68x67x64 voxels	0.9943x0.99855x0.998897 mm
[reg_aladin_sym] Block size = [4 4 4]
[reg_aladin_sym] * * * * * * * * * * * * * * * * * * * * * * * * * * * * * *
[reg_aladin_sym] Forward Block number = [17 17 16]
[reg_aladin_sym] Backward Block number = [17 17 16]
[reg_aladin_sym] Initial forward transformation matrix::
1.144144	0.1033027	0.07039078	0.3394174
-0.4681073	1.188864	-0.08464589	25.32982
-0.2066348	-0.06817059	0.8728869	11.055
0	0	0	1
[reg_aladin_sym] Initial backward transformation matrix::
0.8293726	-0.0763253	-0.07428318	2.473003
0.342443	0.8143283	0.05135226	-21.31072
0.2230779	0.04552913	1.13205	-13.74377
0	0	0	1
[reg_aladin_sym] * * * * * * * * * * * * * * * * * * * * * * * * * * * * * *
[reg_aladin_sym] Final forward transformation matrix::
1.130625	0.1347739	0.1357788	-3.393723
-0.4004835	1.235061	-0.1013727	24.79803
-0.1456372	-0.07415075	1.041832	2.394752
0	0	0	1
[reg_aladin_sym] Final backward transformation matrix::
0.8344576	-0.09816147	-0.1183036	5.549438
0.2818037	0.7812845	0.03929418	-18.51205
0.1367053	0.04188474	0.9461065	-2.84041
0	0	0	1
[reg_aladin_sym] - - - - - - - - - - - - - - - - - - - - - - - - - - - - - -
[reg_aladin_sym] Current level 3 / 3
[reg_aladin_sym] reference image size: 	135x134x128 voxels	0.49715x0.499275x0.499448 mm
[reg_aladin_sym] floating image size: 	135x134x128 voxels	0.49715x0.499275x0.499448 mm
[reg_aladin_sym] Block size = [4 4 4]
[reg_aladin_sym] * * * * * * * * * * * * * * * * * * * * * * * * * * * * * *
[reg_aladin_sym] Forward Block number = [34 34 32]
[reg_aladin_sym] Backward Block number = [34 34 32]
[reg_aladin_sym] Initial forward transformation matrix::
1.130625	0.1347739	0.1357788	-3.393723
-0.4004835	1.235061	-0.1013727	24.79803
-0.1456372	-0.07415075	1.041832	2.394752
0	0	0	1
[reg_aladin_sym] Initial backward transformation matrix::
0.8344576	-0.09816147	-0.1183036	5.549438
0.2818037	0.7812845	0.03929418	-18.51205
0.1367053	0.04188474	0.9461065	-2.84041
0	0	0	1
[reg_aladin_sym] * * * * * * * * * * * * * * * * * * * * * * * * * * * * * *
[reg_aladin_sym] Final forward transformation matrix::
1.127577	0.180005	0.1142327	-1.445325
-0.3761064	1.186288	-0.07958999	21.41854
-0.1461844	-0.0187625	1.092833	2.093084
0	0	0	1
[reg_aladin_sym] Final backward transformation matrix::
0.8317733	-0.1277339	-0.09624716	4.139509
0.2714869	0.8022457	0.03004855	-16.85344
0.1159244	-0.003313	0.9026942	-1.650906
0	0	0	1
[reg_aladin_sym] - - - - - - - - - - - - - - - - - - - - - - - - - - - - - -
[reg_aladin] Registration performed in 0 min 10 sec
[reg_aladin] Have a good day !
Transforming Case1-MRI-landmarks.nii.gz into Case1-MRI-landmarks_linear.nii.gz
Reading affine matrix file: affine_matrix.txt
+1.128 | +0.180 | +0.114 | -1.445 
-0.376 | +1.186 | -0.080 | +21.419 
-0.146 | -0.019 | +1.093 | +2.093 
+0.000 | +0.000 | +0.000 | +1.000 
Reading displacements from:
/vol/bitbucket/mt3215/RESECT/RESECT/NIFTI/Case1/output/nifty_deeds/after/zero_displacements.dat
=============================================================
grid step 4
Transforming Case1-MRI_in_US.nii.gz into Case1-MRI_in_US_linear.nii.gz
Reading affine matrix file: affine_matrix.txt
+1.128 | +0.180 | +0.114 | -1.445 
-0.376 | +1.186 | -0.080 | +21.419 
-0.146 | -0.019 | +1.093 | +2.093 
+0.000 | +0.000 | +0.000 | +1.000 
Reading displacements from:
/vol/bitbucket/mt3215/RESECT/RESECT/NIFTI/Case1/output/nifty_deeds/after/zero_displacements.dat
=============================================================
grid step 4
Starting registration of Case1-US.nii.gz and Case1-MRI_in_US.nii.gz
=============================================================
Reading affine matrix file: affine_matrix.txt
+1.128 | +0.180 | +0.114 | -1.445 
-0.376 | +1.186 | -0.080 | +21.419 
-0.146 | -0.019 | +1.093 | +2.093 
+0.000 | +0.000 | +0.000 | +1.000 
MIND STEPS, 3, 3, 2, 2, 1 
==========================================================
Level 0 grid=8 with sizes: 16x16x16 hw=8 quant=5
==========================================================
TMdDSTMdDS
Time: MIND=0.426814, data=1.18322, MST-reg=0.421859, transf.=0.297658
 speed=2.50749e+07 dof/s
std(J)=1.1 (J<0)=0e-7  SSD before registration: 8237.47 and after 8237.47

==========================================================
Level 1 grid=7 with sizes: 19x19x18 hw=7 quant=4
==========================================================
TMdDSTMdDS
Time: MIND=0.213305, data=0.90882, MST-reg=0.456948, transf.=0.296918
 speed=3.21149e+07 dof/s
std(J)=1.45 (J<0)=0e-7  SSD before registration: 8237.47 and after 6607.64

==========================================================
Level 2 grid=6 with sizes: 22x22x21 hw=6 quant=3
==========================================================
TMdDSTMdDS
Time: MIND=0.417773, data=0.543501, MST-reg=0.434989, transf.=0.295456
 speed=4.56424e+07 dof/s
std(J)=1.47 (J<0)=0e-7  SSD before registration: 8237.47 and after 6148.95

==========================================================
Level 3 grid=5 with sizes: 27x26x25 hw=5 quant=2
==========================================================
TMdDSTMdDS
Time: MIND=0.207029, data=0.463741, MST-reg=0.401557, transf.=0.29526
 speed=5.39908e+07 dof/s
std(J)=1.46 (J<0)=0e-7  SSD before registration: 8237.47 and after 5876.15

==========================================================
Level 4 grid=4 with sizes: 33x33x32 hw=4 quant=1
==========================================================
TMdDSTMdDS
Time: MIND=0.378953, data=0.577115, MST-reg=0.401526, transf.=0.28659
 speed=5.19173e+07 dof/s
std(J)=1.34 (J<0)=0e-7  SSD before registration: 8237.47 and after 5885.1

SSD before registration: 9652.31 and after 7698.83
outputseg /vol/bitbucket/mt3215/RESECT/RESECT/NIFTI/Case1/output/nifty_deeds/after/Case1-deeds_deformed_seg.nii.gz
Finished. Total time: 8.99604 sec. (0 sec. for MIND+data+reg+trans)
('landmark error (vox)', 28.130618226575564)
[reg_aladin] 
[reg_aladin] Command line:
[reg_aladin] 	 reg_aladin -ref bucket/RESECT/RESECT/NIFTI/Case2/output/nifty_deeds/after/Case2-US.nii.gz -flo bucket/RESECT/RESECT/NIFTI/Case2/output/nifty_deeds/after/Case2-MRI_in_US.nii.gz -res bucket/RESECT/RESECT/NIFTI/Case2/output/nifty_deeds/after/Case2-MRI_to_US_result_rigid.nii.gz -rmask bucket/RESECT/RESECT/NIFTI/Case2/output/nifty_deeds/after/mask_US.nii.gz -fmask bucket/RESECT/RESECT/NIFTI/Case2/output/nifty_deeds/after/mask_US.nii.gz -aff bucket/RESECT/RESECT/NIFTI/Case2/output/nifty_deeds/after/affine_matrix.txt
[reg_aladin] 
[reg_aladin] OpenMP is used with 8 thread(s)
[reg_aladin_sym] Parameters
[reg_aladin_sym] Platform: cpu_platform
[reg_aladin_sym] Reference image name: bucket/RESECT/RESECT/NIFTI/Case2/output/nifty_deeds/after/Case2-US.nii.gz
[reg_aladin_sym] 	123x126x112 voxels
[reg_aladin_sym] 	0.499187x0.5x0.498214 mm
[reg_aladin_sym] Floating image name: bucket/RESECT/RESECT/NIFTI/Case2/output/nifty_deeds/after/Case2-MRI_in_US.nii.gz
[reg_aladin_sym] 	123x126x112 voxels
[reg_aladin_sym] 	0.499187x0.5x0.498214 mm
[reg_aladin_sym] Maximum iteration number: 5
[reg_aladin_sym] 	(10 during the first level)
[reg_aladin_sym] Percentage of blocks: 50 %
[reg_aladin_sym] * * * * * * * * * * * * * * * * * * * * * * * * * * * * * *
[reg_aladin_sym] Current level 1 / 3
[reg_aladin_sym] reference image size: 	62x63x56 voxels	0.998374x1x0.996429 mm
[reg_aladin_sym] floating image size: 	62x63x56 voxels	0.998374x1x0.996429 mm
[reg_aladin_sym] Block size = [4 4 4]
[reg_aladin_sym] * * * * * * * * * * * * * * * * * * * * * * * * * * * * * *
[reg_aladin_sym] Forward Block number = [16 16 14]
[reg_aladin_sym] Backward Block number = [16 16 14]
[reg_aladin_sym] Initial forward transformation matrix::
1	0	0	0
0	1	0	0
0	0	1	0
0	0	0	1
[reg_aladin_sym] Initial backward transformation matrix::
1	0	0	0
0	1	0	0
0	0	1	0
0	0	0	1
[reg_aladin_sym] * * * * * * * * * * * * * * * * * * * * * * * * * * * * * *
[reg_aladin_sym] Final forward transformation matrix::
1.159762	-0.1547336	-0.01724636	11.67502
0.02164974	1.15809	0.01676033	-11.70867
0.0455923	0.156576	1.159647	-17.58393
0	0	0	1
[reg_aladin_sym] Final backward transformation matrix::
0.8596919	0.1133573	0.01114705	-8.513646
-0.01561274	0.8631231	-0.01270687	10.06486
-0.03169132	-0.1209959	0.8636087	14.13893
0	0	0	1
[reg_aladin_sym] - - - - - - - - - - - - - - - - - - - - - - - - - - - - - -
[reg_aladin_sym] Current level 2 / 3
[reg_aladin_sym] reference image size: 	62x63x56 voxels	0.998374x1x0.996429 mm
[reg_aladin_sym] floating image size: 	62x63x56 voxels	0.998374x1x0.996429 mm
[reg_aladin_sym] Block size = [4 4 4]
[reg_aladin_sym] * * * * * * * * * * * * * * * * * * * * * * * * * * * * * *
[reg_aladin_sym] Forward Block number = [16 16 14]
[reg_aladin_sym] Backward Block number = [16 16 14]
[reg_aladin_sym] Initial forward transformation matrix::
1.159762	-0.1547336	-0.01724636	11.67502
0.02164974	1.15809	0.01676033	-11.70867
0.0455923	0.156576	1.159647	-17.58393
0	0	0	1
[reg_aladin_sym] Initial backward transformation matrix::
0.8596919	0.1133573	0.01114705	-8.513646
-0.01561274	0.8631231	-0.01270687	10.06486
-0.03169132	-0.1209959	0.8636087	14.13893
0	0	0	1
[reg_aladin_sym] * * * * * * * * * * * * * * * * * * * * * * * * * * * * * *
[reg_aladin_sym] Final forward transformation matrix::
1.164726	-0.1520145	-0.01121616	10.85163
0.01216703	1.095907	-0.01076223	-6.545581
0.01143638	0.1391797	1.162194	-16.64233
0	0	0	1
[reg_aladin_sym] Final backward transformation matrix::
0.8572494	0.1177209	0.009363318	-8.376173
-0.009588959	0.9100977	0.008335209	6.199891
-0.007287288	-0.1101481	0.8593515	13.65971
0	0	0	1
[reg_aladin_sym] - - - - - - - - - - - - - - - - - - - - - - - - - - - - - -
[reg_aladin_sym] Current level 3 / 3
[reg_aladin_sym] reference image size: 	123x126x112 voxels	0.499187x0.5x0.498214 mm
[reg_aladin_sym] floating image size: 	123x126x112 voxels	0.499187x0.5x0.498214 mm
[reg_aladin_sym] Block size = [4 4 4]
[reg_aladin_sym] * * * * * * * * * * * * * * * * * * * * * * * * * * * * * *
[reg_aladin_sym] Forward Block number = [31 32 28]
[reg_aladin_sym] Backward Block number = [31 32 28]
[reg_aladin_sym] Initial forward transformation matrix::
1.164726	-0.1520145	-0.01121616	10.85163
0.01216703	1.095907	-0.01076223	-6.545581
0.01143638	0.1391797	1.162194	-16.64233
0	0	0	1
[reg_aladin_sym] Initial backward transformation matrix::
0.8572494	0.1177209	0.009363318	-8.376173
-0.009588959	0.9100977	0.008335209	6.199891
-0.007287288	-0.1101481	0.8593515	13.65971
0	0	0	1
[reg_aladin_sym] * * * * * * * * * * * * * * * * * * * * * * * * * * * * * *
[reg_aladin_sym] Final forward transformation matrix::
1.121796	-0.1158603	-0.01340202	9.059597
0.02439053	1.10976	-0.03246254	-7.129956
0.03002924	0.1332174	1.141799	-16.01471
0	0	0	1
[reg_aladin_sym] Final backward transformation matrix::
0.889095	0.09125841	0.01303044	-7.195495
-0.02015591	0.8959617	0.02523654	6.974928
-0.02103148	-0.1069349	0.8725237	13.40131
0	0	0	1
[reg_aladin_sym] - - - - - - - - - - - - - - - - - - - - - - - - - - - - - -
[reg_aladin] Registration performed in 0 min 20 sec
[reg_aladin] Have a good day !
Transforming Case2-MRI-landmarks.nii.gz into Case2-MRI-landmarks_linear.nii.gz
Reading affine matrix file: affine_matrix.txt
+1.122 | -0.116 | -0.013 | +9.060 
+0.024 | +1.110 | -0.032 | -7.130 
+0.030 | +0.133 | +1.142 | -16.015 
+0.000 | +0.000 | +0.000 | +1.000 
Reading displacements from:
/vol/bitbucket/mt3215/RESECT/RESECT/NIFTI/Case2/output/nifty_deeds/after/zero_displacements.dat
=============================================================
grid step 4
Transforming Case2-MRI_in_US.nii.gz into Case2-MRI_in_US_linear.nii.gz
Reading affine matrix file: affine_matrix.txt
+1.122 | -0.116 | -0.013 | +9.060 
+0.024 | +1.110 | -0.032 | -7.130 
+0.030 | +0.133 | +1.142 | -16.015 
+0.000 | +0.000 | +0.000 | +1.000 
Reading displacements from:
/vol/bitbucket/mt3215/RESECT/RESECT/NIFTI/Case2/output/nifty_deeds/after/zero_displacements.dat
=============================================================
grid step 4
Starting registration of Case2-US.nii.gz and Case2-MRI_in_US.nii.gz
=============================================================
Reading affine matrix file: affine_matrix.txt
+1.122 | -0.116 | -0.013 | +9.060 
+0.024 | +1.110 | -0.032 | -7.130 
+0.030 | +0.133 | +1.142 | -16.015 
+0.000 | +0.000 | +0.000 | +1.000 
MIND STEPS, 3, 3, 2, 2, 1 
==========================================================
Level 0 grid=8 with sizes: 15x15x14 hw=8 quant=5
==========================================================
TMdDSTMdDS
Time: MIND=0.319968, data=0.92798, MST-reg=0.315623, transf.=0.222407
 speed=2.48889e+07 dof/s
std(J)=0.75 (J<0)=0e-7  SSD before registration: 8159.58 and after 8159.58

==========================================================
Level 1 grid=7 with sizes: 17x18x16 hw=7 quant=4
==========================================================
TMdDSTMdDS
Time: MIND=0.14535, data=0.597312, MST-reg=0.356397, transf.=0.214947
 speed=3.46521e+07 dof/s
std(J)=1.12 (J<0)=0e-7  SSD before registration: 8159.58 and after 7260.02

==========================================================
Level 2 grid=6 with sizes: 20x21x18 hw=6 quant=3
==========================================================
TMdDSTMdDS
Time: MIND=0.283236, data=0.390331, MST-reg=0.335111, transf.=0.216456
 speed=4.57909e+07 dof/s
std(J)=1.23 (J<0)=13.23e-7  SSD before registration: 8159.58 and after 6759.85

==========================================================
Level 3 grid=5 with sizes: 24x25x22 hw=5 quant=2
==========================================================
TMdDSTMdDS
Time: MIND=0.141918, data=0.320648, MST-reg=0.308731, transf.=0.215544
 speed=5.58302e+07 dof/s
std(J)=1.2 (J<0)=0e-7  SSD before registration: 8159.58 and after 6515.32

==========================================================
Level 4 grid=4 with sizes: 30x31x28 hw=4 quant=1
==========================================================
TMdDSTMdDS
Time: MIND=0.281544, data=0.472512, MST-reg=0.299048, transf.=0.21606
 speed=4.92072e+07 dof/s
std(J)=1.13 (J<0)=0e-7  SSD before registration: 8159.58 and after 6354.6

SSD before registration: 8505.53 and after 7741.63
outputseg /vol/bitbucket/mt3215/RESECT/RESECT/NIFTI/Case2/output/nifty_deeds/after/Case2-deeds_deformed_seg.nii.gz
Finished. Total time: 6.65085 sec. (0 sec. for MIND+data+reg+trans)
('landmark error (vox)', 7.079741198823596)
[reg_aladin] 
[reg_aladin] Command line:
[reg_aladin] 	 reg_aladin -ref bucket/RESECT/RESECT/NIFTI/Case3/output/nifty_deeds/after/Case3-US.nii.gz -flo bucket/RESECT/RESECT/NIFTI/Case3/output/nifty_deeds/after/Case3-MRI_in_US.nii.gz -res bucket/RESECT/RESECT/NIFTI/Case3/output/nifty_deeds/after/Case3-MRI_to_US_result_rigid.nii.gz -rmask bucket/RESECT/RESECT/NIFTI/Case3/output/nifty_deeds/after/mask_US.nii.gz -fmask bucket/RESECT/RESECT/NIFTI/Case3/output/nifty_deeds/after/mask_US.nii.gz -aff bucket/RESECT/RESECT/NIFTI/Case3/output/nifty_deeds/after/affine_matrix.txt
[reg_aladin] 
[reg_aladin] OpenMP is used with 8 thread(s)
[reg_aladin_sym] Parameters
[reg_aladin_sym] Platform: cpu_platform
[reg_aladin_sym] Reference image name: bucket/RESECT/RESECT/NIFTI/Case3/output/nifty_deeds/after/Case3-US.nii.gz
[reg_aladin_sym] 	137x140x134 voxels
[reg_aladin_sym] 	0.499627x0.499926x0.497673 mm
[reg_aladin_sym] Floating image name: bucket/RESECT/RESECT/NIFTI/Case3/output/nifty_deeds/after/Case3-MRI_in_US.nii.gz
[reg_aladin_sym] 	137x140x134 voxels
[reg_aladin_sym] 	0.499627x0.499926x0.497673 mm
[reg_aladin_sym] Maximum iteration number: 5
[reg_aladin_sym] 	(10 during the first level)
[reg_aladin_sym] Percentage of blocks: 50 %
[reg_aladin_sym] * * * * * * * * * * * * * * * * * * * * * * * * * * * * * *
[reg_aladin_sym] Current level 1 / 3
[reg_aladin_sym] reference image size: 	35x35x34 voxels	1.99851x1.9997x1.99069 mm
[reg_aladin_sym] floating image size: 	35x35x34 voxels	1.99851x1.9997x1.99069 mm
[reg_aladin_sym] Block size = [4 4 4]
[reg_aladin_sym] * * * * * * * * * * * * * * * * * * * * * * * * * * * * * *
[reg_aladin_sym] Forward Block number = [9 9 9]
[reg_aladin_sym] Backward Block number = [9 9 9]
[reg_aladin_sym] Initial forward transformation matrix::
1	0	0	0
0	1	0	0
0	0	1	0
0	0	0	1
[reg_aladin_sym] Initial backward transformation matrix::
1	0	0	0
0	1	0	0
0	0	1	0
0	0	0	1
[reg_aladin_sym] * * * * * * * * * * * * * * * * * * * * * * * * * * * * * *
[reg_aladin_sym] Final forward transformation matrix::
1.223446	0.1467178	0.08420581	9.28869
0.0835766	1.186587	-0.1205245	8.859447
0.02691568	0.1382572	0.9942947	5.633479
0	0	0	1
[reg_aladin_sym] Final backward transformation matrix::
0.8254752	-0.09261392	-0.08113496	-6.390003
-0.05957027	0.8376999	0.1065877	-7.468688
-0.01406244	-0.1139756	0.9931133	-4.454301
0	0	0	1
[reg_aladin_sym] - - - - - - - - - - - - - - - - - - - - - - - - - - - - - -
[reg_aladin_sym] Current level 2 / 3
[reg_aladin_sym] reference image size: 	69x70x67 voxels	0.999254x0.999851x0.995345 mm
[reg_aladin_sym] floating image size: 	69x70x67 voxels	0.999254x0.999851x0.995345 mm
[reg_aladin_sym] Block size = [4 4 4]
[reg_aladin_sym] * * * * * * * * * * * * * * * * * * * * * * * * * * * * * *
[reg_aladin_sym] Forward Block number = [18 18 17]
[reg_aladin_sym] Backward Block number = [18 18 17]
[reg_aladin_sym] Initial forward transformation matrix::
1.223446	0.1467178	0.08420581	9.28869
0.0835766	1.186587	-0.1205245	8.859447
0.02691568	0.1382572	0.9942947	5.633479
0	0	0	1
[reg_aladin_sym] Initial backward transformation matrix::
0.8254752	-0.09261392	-0.08113496	-6.390003
-0.05957027	0.8376999	0.1065877	-7.468688
-0.01406244	-0.1139756	0.9931133	-4.454301
0	0	0	1
[reg_aladin_sym] * * * * * * * * * * * * * * * * * * * * * * * * * * * * * *
[reg_aladin_sym] Final forward transformation matrix::
1.137889	0.01137453	0.05232221	8.890012
0.0672498	1.160938	-0.1535972	9.650481
0.04853977	0.08604623	1.021275	4.971933
0	0	0	1
[reg_aladin_sym] Final backward transformation matrix::
0.8810882	-0.005228669	-0.0459265	-7.554082
-0.05595567	0.8522087	0.1310368	-8.378284
-0.03716242	-0.07155325	0.9703106	-3.803422
0	0	0	1
[reg_aladin_sym] - - - - - - - - - - - - - - - - - - - - - - - - - - - - - -
[reg_aladin_sym] Current level 3 / 3
[reg_aladin_sym] reference image size: 	137x140x134 voxels	0.499627x0.499926x0.497673 mm
[reg_aladin_sym] floating image size: 	137x140x134 voxels	0.499627x0.499926x0.497673 mm
[reg_aladin_sym] Block size = [4 4 4]
[reg_aladin_sym] * * * * * * * * * * * * * * * * * * * * * * * * * * * * * *
[reg_aladin_sym] Forward Block number = [35 35 34]
[reg_aladin_sym] Backward Block number = [35 35 34]
[reg_aladin_sym] Initial forward transformation matrix::
1.137889	0.01137453	0.05232221	8.890012
0.0672498	1.160938	-0.1535972	9.650481
0.04853977	0.08604623	1.021275	4.971933
0	0	0	1
[reg_aladin_sym] Initial backward transformation matrix::
0.8810882	-0.005228669	-0.0459265	-7.554082
-0.05595567	0.8522087	0.1310368	-8.378284
-0.03716242	-0.07155325	0.9703106	-3.803422
0	0	0	1
[reg_aladin_sym] * * * * * * * * * * * * * * * * * * * * * * * * * * * * * *
[reg_aladin_sym] Final forward transformation matrix::
1.135714	0.005658667	0.03993414	9.234562
0.03327989	1.132142	-0.1463094	7.691287
0.02295202	0.09520157	1.018615	3.842498
0	0	0	1
[reg_aladin_sym] Final backward transformation matrix::
0.881249	-0.001481559	-0.03476162	-7.992982
-0.02813114	0.8727878	0.1264664	-6.93903
-0.01722763	-0.08153898	0.9706892	-2.943641
0	0	0	1
[reg_aladin_sym] - - - - - - - - - - - - - - - - - - - - - - - - - - - - - -
[reg_aladin] Registration performed in 0 min 12 sec
[reg_aladin] Have a good day !
Transforming Case3-MRI-landmarks.nii.gz into Case3-MRI-landmarks_linear.nii.gz
Reading affine matrix file: affine_matrix.txt
+1.136 | +0.006 | +0.040 | +9.235 
+0.033 | +1.132 | -0.146 | +7.691 
+0.023 | +0.095 | +1.019 | +3.842 
+0.000 | +0.000 | +0.000 | +1.000 
Reading displacements from:
/vol/bitbucket/mt3215/RESECT/RESECT/NIFTI/Case3/output/nifty_deeds/after/zero_displacements.dat
=============================================================
grid step 4
Transforming Case3-MRI_in_US.nii.gz into Case3-MRI_in_US_linear.nii.gz
Reading affine matrix file: affine_matrix.txt
+1.136 | +0.006 | +0.040 | +9.235 
+0.033 | +1.132 | -0.146 | +7.691 
+0.023 | +0.095 | +1.019 | +3.842 
+0.000 | +0.000 | +0.000 | +1.000 
Reading displacements from:
/vol/bitbucket/mt3215/RESECT/RESECT/NIFTI/Case3/output/nifty_deeds/after/zero_displacements.dat
=============================================================
grid step 4
Starting registration of Case3-US.nii.gz and Case3-MRI_in_US.nii.gz
=============================================================
Reading affine matrix file: affine_matrix.txt
+1.136 | +0.006 | +0.040 | +9.235 
+0.033 | +1.132 | -0.146 | +7.691 
+0.023 | +0.095 | +1.019 | +3.842 
+0.000 | +0.000 | +0.000 | +1.000 
MIND STEPS, 3, 3, 2, 2, 1 
==========================================================
Level 0 grid=8 with sizes: 17x17x16 hw=8 quant=5
==========================================================
TMdDSTMdDS
Time: MIND=0.444259, data=1.31526, MST-reg=0.468909, transf.=0.323307
 speed=2.54659e+07 dof/s
std(J)=0.82 (J<0)=0e-7  SSD before registration: 3742.64 and after 3742.64

==========================================================
Level 1 grid=7 with sizes: 19x20x19 hw=7 quant=4
==========================================================
TMdDSTMdDS
Time: MIND=0.215367, data=0.972087, MST-reg=0.557451, transf.=0.326436
 speed=3.18626e+07 dof/s
std(J)=1.1 (J<0)=0e-7  SSD before registration: 3742.64 and after 3213.89

==========================================================
Level 2 grid=6 with sizes: 22x23x22 hw=6 quant=3
==========================================================
TMdDSTMdDS
Time: MIND=0.463079, data=0.603518, MST-reg=0.460259, transf.=0.332208
 speed=4.59815e+07 dof/s
std(J)=1.25 (J<0)=0e-7  SSD before registration: 3742.64 and after 2965.28

==========================================================
Level 3 grid=5 with sizes: 27x28x26 hw=5 quant=2
==========================================================
TMdDSTMdDS
Time: MIND=0.21747, data=0.50184, MST-reg=0.461197, transf.=0.325313
 speed=5.43326e+07 dof/s
std(J)=1.25 (J<0)=0e-7  SSD before registration: 3742.64 and after 2842.71

==========================================================
Level 4 grid=4 with sizes: 34x35x33 hw=4 quant=1
==========================================================
TMdDSTMdDS
Time: MIND=0.41976, data=0.70516, MST-reg=0.444095, transf.=0.317608
 speed=4.98198e+07 dof/s
std(J)=1.18 (J<0)=0e-7  SSD before registration: 3742.64 and after 2829.04

SSD before registration: 4002.23 and after 3808.13
outputseg /vol/bitbucket/mt3215/RESECT/RESECT/NIFTI/Case3/output/nifty_deeds/after/Case3-deeds_deformed_seg.nii.gz
Finished. Total time: 9.97124 sec. (0 sec. for MIND+data+reg+trans)
('landmark error (vox)', 4.671174307705469)
[reg_aladin] 
[reg_aladin] Command line:
[reg_aladin] 	 reg_aladin -ref bucket/RESECT/RESECT/NIFTI/Case4/output/nifty_deeds/after/Case4-US.nii.gz -flo bucket/RESECT/RESECT/NIFTI/Case4/output/nifty_deeds/after/Case4-MRI_in_US.nii.gz -res bucket/RESECT/RESECT/NIFTI/Case4/output/nifty_deeds/after/Case4-MRI_to_US_result_rigid.nii.gz -rmask bucket/RESECT/RESECT/NIFTI/Case4/output/nifty_deeds/after/mask_US.nii.gz -fmask bucket/RESECT/RESECT/NIFTI/Case4/output/nifty_deeds/after/mask_US.nii.gz -aff bucket/RESECT/RESECT/NIFTI/Case4/output/nifty_deeds/after/affine_matrix.txt
[reg_aladin] 
[reg_aladin] OpenMP is used with 8 thread(s)
[reg_aladin_sym] Parameters
[reg_aladin_sym] Platform: cpu_platform
[reg_aladin_sym] Reference image name: bucket/RESECT/RESECT/NIFTI/Case4/output/nifty_deeds/after/Case4-US.nii.gz
[reg_aladin_sym] 	136x124x145 voxels
[reg_aladin_sym] 	0.498706x0.498194x0.497545 mm
[reg_aladin_sym] Floating image name: bucket/RESECT/RESECT/NIFTI/Case4/output/nifty_deeds/after/Case4-MRI_in_US.nii.gz
[reg_aladin_sym] 	136x124x145 voxels
[reg_aladin_sym] 	0.498706x0.498194x0.497545 mm
[reg_aladin_sym] Maximum iteration number: 5
[reg_aladin_sym] 	(10 during the first level)
[reg_aladin_sym] Percentage of blocks: 50 %
[reg_aladin_sym] * * * * * * * * * * * * * * * * * * * * * * * * * * * * * *
[reg_aladin_sym] Current level 1 / 3
[reg_aladin_sym] reference image size: 	34x62x37 voxels	1.99482x0.996387x1.99018 mm
[reg_aladin_sym] floating image size: 	34x62x37 voxels	1.99482x0.996387x1.99018 mm
[reg_aladin_sym] Block size = [4 4 4]
[reg_aladin_sym] * * * * * * * * * * * * * * * * * * * * * * * * * * * * * *
[reg_aladin_sym] Forward Block number = [9 16 10]
[reg_aladin_sym] Backward Block number = [9 16 10]
[reg_aladin_sym] Initial forward transformation matrix::
1	0	0	0
0	1	0	0
0	0	1	0
0	0	0	1
[reg_aladin_sym] Initial backward transformation matrix::
1	0	0	0
0	1	0	0
0	0	1	0
0	0	0	1
[reg_aladin_sym] * * * * * * * * * * * * * * * * * * * * * * * * * * * * * *
[reg_aladin_sym] Final forward transformation matrix::
1.096416	0.009261269	0.03002455	1.271538
0.03960611	0.9728985	-0.06522541	-4.373248
0.03579513	-0.0438532	0.9897811	0.5030723
0	0	0	1
[reg_aladin_sym] Final backward transformation matrix::
0.9133489	-0.009972865	-0.02836321	-1.190703
-0.03951372	1.03135	0.06916339	4.525798
-0.03478167	0.04605562	1.014415	-0.264685
0	0	0	1
[reg_aladin_sym] - - - - - - - - - - - - - - - - - - - - - - - - - - - - - -
[reg_aladin_sym] Current level 2 / 3
[reg_aladin_sym] reference image size: 	68x62x73 voxels	0.997412x0.996387x0.99509 mm
[reg_aladin_sym] floating image size: 	68x62x73 voxels	0.997412x0.996387x0.99509 mm
[reg_aladin_sym] Block size = [4 4 4]
[reg_aladin_sym] * * * * * * * * * * * * * * * * * * * * * * * * * * * * * *
[reg_aladin_sym] Forward Block number = [17 16 19]
[reg_aladin_sym] Backward Block number = [17 16 19]
[reg_aladin_sym] Initial forward transformation matrix::
1.096416	0.009261269	0.03002455	1.271538
0.03960611	0.9728985	-0.06522541	-4.373248
0.03579513	-0.0438532	0.9897811	0.5030723
0	0	0	1
[reg_aladin_sym] Initial backward transformation matrix::
0.9133489	-0.009972865	-0.02836321	-1.190703
-0.03951372	1.03135	0.06916339	4.525798
-0.03478167	0.04605562	1.014415	-0.264685
0	0	0	1
[reg_aladin_sym] * * * * * * * * * * * * * * * * * * * * * * * * * * * * * *
[reg_aladin_sym] Final forward transformation matrix::
1.155265	-0.00591932	0.04746567	-1.882427
-0.0167974	0.9914717	-0.04893148	-0.8467351
0.01225863	-0.009463589	1.031554	2.656742
0	0	0	1
[reg_aladin_sym] Final backward transformation matrix::
0.8660924	0.004792557	-0.03962484	1.739686
0.0141717	1.009137	0.04721605	0.755708
-0.01016233	0.009200981	0.9703155	-2.589216
0	0	0	1
[reg_aladin_sym] - - - - - - - - - - - - - - - - - - - - - - - - - - - - - -
[reg_aladin_sym] Current level 3 / 3
[reg_aladin_sym] reference image size: 	136x124x145 voxels	0.498706x0.498194x0.497545 mm
[reg_aladin_sym] floating image size: 	136x124x145 voxels	0.498706x0.498194x0.497545 mm
[reg_aladin_sym] Block size = [4 4 4]
[reg_aladin_sym] * * * * * * * * * * * * * * * * * * * * * * * * * * * * * *
[reg_aladin_sym] Forward Block number = [34 31 37]
[reg_aladin_sym] Backward Block number = [34 31 37]
[reg_aladin_sym] Initial forward transformation matrix::
1.155265	-0.00591932	0.04746567	-1.882427
-0.0167974	0.9914717	-0.04893148	-0.8467351
0.01225863	-0.009463589	1.031554	2.656742
0	0	0	1
[reg_aladin_sym] Initial backward transformation matrix::
0.8660924	0.004792557	-0.03962484	1.739686
0.0141717	1.009137	0.04721605	0.755708
-0.01016233	0.009200981	0.9703155	-2.589216
0	0	0	1
[reg_aladin_sym] * * * * * * * * * * * * * * * * * * * * * * * * * * * * * *
[reg_aladin_sym] Final forward transformation matrix::
1.139265	0.02182106	0.0648848	-1.502307
-0.05453064	1.002689	-0.01399716	1.38633
0.0370851	0.01008726	1.022117	0.9708874
0	0	0	1
[reg_aladin_sym] Final backward transformation matrix::
0.8786944	-0.0185589	-0.05603437	1.400201
0.04733569	0.9961809	0.01063708	-1.32025
-0.0323485	-0.009157935	0.9802896	-0.9876522
0	0	0	1
[reg_aladin_sym] - - - - - - - - - - - - - - - - - - - - - - - - - - - - - -
[reg_aladin] Registration performed in 0 min 14 sec
[reg_aladin] Have a good day !
Transforming Case4-MRI-landmarks.nii.gz into Case4-MRI-landmarks_linear.nii.gz
Reading affine matrix file: affine_matrix.txt
+1.139 | +0.022 | +0.065 | -1.502 
-0.055 | +1.003 | -0.014 | +1.386 
+0.037 | +0.010 | +1.022 | +0.971 
+0.000 | +0.000 | +0.000 | +1.000 
Reading displacements from:
/vol/bitbucket/mt3215/RESECT/RESECT/NIFTI/Case4/output/nifty_deeds/after/zero_displacements.dat
=============================================================
grid step 4
Transforming Case4-MRI_in_US.nii.gz into Case4-MRI_in_US_linear.nii.gz
Reading affine matrix file: affine_matrix.txt
+1.139 | +0.022 | +0.065 | -1.502 
-0.055 | +1.003 | -0.014 | +1.386 
+0.037 | +0.010 | +1.022 | +0.971 
+0.000 | +0.000 | +0.000 | +1.000 
Reading displacements from:
/vol/bitbucket/mt3215/RESECT/RESECT/NIFTI/Case4/output/nifty_deeds/after/zero_displacements.dat
=============================================================
grid step 4
Starting registration of Case4-US.nii.gz and Case4-MRI_in_US.nii.gz
=============================================================
Reading affine matrix file: affine_matrix.txt
+1.139 | +0.022 | +0.065 | -1.502 
-0.055 | +1.003 | -0.014 | +1.386 
+0.037 | +0.010 | +1.022 | +0.971 
+0.000 | +0.000 | +0.000 | +1.000 
MIND STEPS, 3, 3, 2, 2, 1 
==========================================================
Level 0 grid=8 with sizes: 17x15x18 hw=8 quant=5
==========================================================
TMdDSTMdDS
Time: MIND=0.428249, data=1.42555, MST-reg=0.488276, transf.=0.310632
 speed=2.3566e+07 dof/s
std(J)=1.02 (J<0)=21.79e-7  SSD before registration: 4548.89 and after 4548.89

==========================================================
Level 1 grid=7 with sizes: 19x17x20 hw=7 quant=4
==========================================================
TMdDSTMdDS
Time: MIND=0.208204, data=0.867439, MST-reg=0.464689, transf.=0.310846
 speed=3.27333e+07 dof/s
std(J)=1.12 (J<0)=0e-7  SSD before registration: 4548.89 and after 3930.09

==========================================================
Level 2 grid=6 with sizes: 22x20x24 hw=6 quant=3
==========================================================
TMdDSTMdDS
Time: MIND=0.412516, data=0.503925, MST-reg=0.454009, transf.=0.311609
 speed=4.84383e+07 dof/s
std(J)=1.24 (J<0)=94.7e-7  SSD before registration: 4548.89 and after 3880.94

==========================================================
Level 3 grid=5 with sizes: 27x24x29 hw=5 quant=2
==========================================================
TMdDSTMdDS
Time: MIND=0.205798, data=0.471671, MST-reg=0.431967, transf.=0.312803
 speed=5.53588e+07 dof/s
std(J)=1.29 (J<0)=180.93e-7  SSD before registration: 4548.89 and after 3838.81

==========================================================
Level 4 grid=4 with sizes: 34x31x36 hw=4 quant=1
==========================================================
TMdDSTMdDS
Time: MIND=0.403954, data=0.682173, MST-reg=0.437578, transf.=0.304759
 speed=4.94059e+07 dof/s
std(J)=1.23 (J<0)=0e-7  SSD before registration: 4548.89 and after 3853.78

SSD before registration: 4751.17 and after 4247.81
outputseg /vol/bitbucket/mt3215/RESECT/RESECT/NIFTI/Case4/output/nifty_deeds/after/Case4-deeds_deformed_seg.nii.gz
Finished. Total time: 9.52889 sec. (0 sec. for MIND+data+reg+trans)
('landmark error (vox)', 4.426353340991532)
[reg_aladin] 
[reg_aladin] Command line:
[reg_aladin] 	 reg_aladin -ref bucket/RESECT/RESECT/NIFTI/Case6/output/nifty_deeds/after/Case6-US.nii.gz -flo bucket/RESECT/RESECT/NIFTI/Case6/output/nifty_deeds/after/Case6-MRI_in_US.nii.gz -res bucket/RESECT/RESECT/NIFTI/Case6/output/nifty_deeds/after/Case6-MRI_to_US_result_rigid.nii.gz -rmask bucket/RESECT/RESECT/NIFTI/Case6/output/nifty_deeds/after/mask_US.nii.gz -fmask bucket/RESECT/RESECT/NIFTI/Case6/output/nifty_deeds/after/mask_US.nii.gz -aff bucket/RESECT/RESECT/NIFTI/Case6/output/nifty_deeds/after/affine_matrix.txt
[reg_aladin] 
[reg_aladin] OpenMP is used with 8 thread(s)
[reg_aladin_sym] Parameters
[reg_aladin_sym] Platform: cpu_platform
[reg_aladin_sym] Reference image name: bucket/RESECT/RESECT/NIFTI/Case6/output/nifty_deeds/after/Case6-US.nii.gz
[reg_aladin_sym] 	121x192x172 voxels
[reg_aladin_sym] 	0.499324x0.499236x0.499483 mm
[reg_aladin_sym] Floating image name: bucket/RESECT/RESECT/NIFTI/Case6/output/nifty_deeds/after/Case6-MRI_in_US.nii.gz
[reg_aladin_sym] 	121x192x172 voxels
[reg_aladin_sym] 	0.499324x0.499236x0.499483 mm
[reg_aladin_sym] Maximum iteration number: 5
[reg_aladin_sym] 	(10 during the first level)
[reg_aladin_sym] Percentage of blocks: 50 %
[reg_aladin_sym] * * * * * * * * * * * * * * * * * * * * * * * * * * * * * *
[reg_aladin_sym] Current level 1 / 3
[reg_aladin_sym] reference image size: 	61x48x43 voxels	0.998648x1.99694x1.99793 mm
[reg_aladin_sym] floating image size: 	61x48x43 voxels	0.998648x1.99694x1.99793 mm
[reg_aladin_sym] Block size = [4 4 4]
[reg_aladin_sym] * * * * * * * * * * * * * * * * * * * * * * * * * * * * * *
[reg_aladin_sym] Forward Block number = [16 12 11]
[reg_aladin_sym] Backward Block number = [16 12 11]
[reg_aladin_sym] Initial forward transformation matrix::
1	0	0	0
0	1	0	0
0	0	1	0
0	0	0	1
[reg_aladin_sym] Initial backward transformation matrix::
1	0	0	0
0	1	0	0
0	0	1	0
0	0	0	1
[reg_aladin_sym] * * * * * * * * * * * * * * * * * * * * * * * * * * * * * *
[reg_aladin_sym] Final forward transformation matrix::
1.123116	0.08011169	-0.01348688	-2.158455
-0.05970052	0.9774952	-0.05794873	-0.5240543
0.001043906	0.01996898	1.007786	-0.9797977
0	0	0	1
[reg_aladin_sym] Final backward transformation matrix::
0.8865024	-0.0728111	0.007677065	1.882841
0.05402524	1.017385	0.05922372	0.7078035
-0.00198877	-0.02008377	0.9910929	0.956253
0	0	0	1
[reg_aladin_sym] - - - - - - - - - - - - - - - - - - - - - - - - - - - - - -
[reg_aladin_sym] Current level 2 / 3
[reg_aladin_sym] reference image size: 	61x96x86 voxels	0.998648x0.998472x0.998966 mm
[reg_aladin_sym] floating image size: 	61x96x86 voxels	0.998648x0.998472x0.998966 mm
[reg_aladin_sym] Block size = [4 4 4]
[reg_aladin_sym] * * * * * * * * * * * * * * * * * * * * * * * * * * * * * *
[reg_aladin_sym] Forward Block number = [16 24 22]
[reg_aladin_sym] Backward Block number = [16 24 22]
[reg_aladin_sym] Initial forward transformation matrix::
1.123116	0.08011169	-0.01348688	-2.158455
-0.05970052	0.9774952	-0.05794873	-0.5240543
0.001043906	0.01996898	1.007786	-0.9797977
0	0	0	1
[reg_aladin_sym] Initial backward transformation matrix::
0.8865024	-0.0728111	0.007677065	1.882841
0.05402524	1.017385	0.05922372	0.7078035
-0.00198877	-0.02008377	0.9910929	0.956253
0	0	0	1
[reg_aladin_sym] * * * * * * * * * * * * * * * * * * * * * * * * * * * * * *
[reg_aladin_sym] Final forward transformation matrix::
1.178739	0.113006	0.04771297	-1.766645
-0.06349102	0.9890214	-0.0779024	-1.192756
-0.01403155	0.01740887	0.9701428	-1.385966
0	0	0	1
[reg_aladin_sym] Final backward transformation matrix::
0.8426399	-0.09541601	-0.0491041	1.306781
0.0549762	1.003448	0.077873	1.401922
0.01120089	-0.01938656	1.028668	1.422364
0	0	0	1
[reg_aladin_sym] - - - - - - - - - - - - - - - - - - - - - - - - - - - - - -
[reg_aladin_sym] Current level 3 / 3
[reg_aladin_sym] reference image size: 	121x192x172 voxels	0.499324x0.499236x0.499483 mm
[reg_aladin_sym] floating image size: 	121x192x172 voxels	0.499324x0.499236x0.499483 mm
[reg_aladin_sym] Block size = [4 4 4]
[reg_aladin_sym] * * * * * * * * * * * * * * * * * * * * * * * * * * * * * *
[reg_aladin_sym] Forward Block number = [31 48 43]
[reg_aladin_sym] Backward Block number = [31 48 43]
[reg_aladin_sym] Initial forward transformation matrix::
1.178739	0.113006	0.04771297	-1.766645
-0.06349102	0.9890214	-0.0779024	-1.192756
-0.01403155	0.01740887	0.9701428	-1.385966
0	0	0	1
[reg_aladin_sym] Initial backward transformation matrix::
0.8426399	-0.09541601	-0.0491041	1.306781
0.0549762	1.003448	0.077873	1.401922
0.01120089	-0.01938656	1.028668	1.422364
0	0	0	1
[reg_aladin_sym] * * * * * * * * * * * * * * * * * * * * * * * * * * * * * *
[reg_aladin_sym] Final forward transformation matrix::
1.175552	0.0917124	0.06356253	-1.917395
-0.08761217	0.9779913	-0.05261399	0.2146377
-0.004643518	0.01723862	1.015385	-0.1481106
0	0	0	1
[reg_aladin_sym] Final backward transformation matrix::
0.8446113	-0.07820113	-0.05692434	1.627807
0.07580204	1.014552	0.0478257	-0.0653353
0.00257562	-0.01758212	0.9837762	0.1544199
0	0	0	1
[reg_aladin_sym] - - - - - - - - - - - - - - - - - - - - - - - - - - - - - -
[reg_aladin] Registration performed in 0 min 18 sec
[reg_aladin] Have a good day !
Transforming Case6-MRI-landmarks.nii.gz into Case6-MRI-landmarks_linear.nii.gz
Reading affine matrix file: affine_matrix.txt
+1.176 | +0.092 | +0.064 | -1.917 
-0.088 | +0.978 | -0.053 | +0.215 
-0.005 | +0.017 | +1.015 | -0.148 
+0.000 | +0.000 | +0.000 | +1.000 
Reading displacements from:
/vol/bitbucket/mt3215/RESECT/RESECT/NIFTI/Case6/output/nifty_deeds/after/zero_displacements.dat
=============================================================
grid step 4
Transforming Case6-MRI_in_US.nii.gz into Case6-MRI_in_US_linear.nii.gz
Reading affine matrix file: affine_matrix.txt
+1.176 | +0.092 | +0.064 | -1.917 
-0.088 | +0.978 | -0.053 | +0.215 
-0.005 | +0.017 | +1.015 | -0.148 
+0.000 | +0.000 | +0.000 | +1.000 
Reading displacements from:
/vol/bitbucket/mt3215/RESECT/RESECT/NIFTI/Case6/output/nifty_deeds/after/zero_displacements.dat
=============================================================
